time,posi_x,posi_y,posi_z,vel_x,vel_y,vel_z,acc_x,acc_y,acc_z,jerk_x,jerk_y,jerk_z,yaw,yaw_rate,backup
8.132946729660034,0.049997307324998,0.050003234662162,1.549999368437593,-0.000324681491417,0.000389840105319,-0.000075834639039,-0.029199465705202,0.035029876881400,-0.006771586888765,-1.726042969250842,2.067102148859083,-0.394393835389826,1.575753961907069,0.099680190328983,1
8.143665313720703,0.049991770378289,0.050009879718461,1.549998080236131,-0.000746469697874,0.000895544547862,-0.000173151423802,-0.050404958727079,0.060402654841768,-0.011579588343052,-2.226240262876736,2.661514812307853,-0.501127195194324,1.576990785713172,0.131035346757535,1
8.149997234344482,0.049985935074914,0.050016878558152,1.549996729647616,-0.001112220481143,0.001333689702891,-0.000256927938894,-0.065401089279052,0.078321263020429,-0.014939600653741,-2.508037843285977,2.995263285298435,-0.559423923006285,1.577878568228793,0.149305460756001,1
8.159998416900635,0.049971105468045,0.050034653608488,1.549993316193828,-0.001898878450494,0.002275227042547,-0.000435762635640,-0.092627160489874,0.110808270113994,-0.020966555111853,-2.932673075233610,3.496453452461413,-0.644466646704389,1.579514446129417,0.177767512066697,1
8.169996738433838,0.049946983859170,0.050063543873680,1.549987800508342,-0.002978375667155,0.003565883195449,-0.000678923786598,-0.123970169610702,0.148143565092776,-0.027800436750688,-3.332815832599514,3.966590723145879,-0.721136559706780,1.581432137384658,0.205746492884402,1
8.179997444152832,0.049910428095150,0.050107292145239,1.549979497636986,-0.004391163918544,0.005253195517480,-0.000994177898775,-0.159201655882989,0.190036599302536,-0.035361762547552,-3.709235353986150,4.406664644125537,-0.789731599512421,1.583627638829388,0.233253762107922,1
8.192983865737915,0.049838576827379,0.050193200739683,1.549963308215872,-0.006784589447191,0.008108032523374,-0.001522294010976,-0.210365646527330,0.250746452985291,-0.046134938082587,-4.163530803266267,4.934451955648240,-0.867169213355357,1.586885149929447,0.268264059914793,1
8.199994564056396,0.049785603932070,0.050256488271429,1.549951452657862,-0.008363505259472,0.009989266107645,-0.001867324403684,-0.240363426807675,0.286274650753365,-0.052344096487717,-4.392946255729925,5.199360809412687,-0.903683345139725,1.588830944647704,0.286827606872759,1
8.210030555725098,0.049688812237754,0.050372045559593,1.549929922432072,-0.011002243653098,0.013130161939556,-0.002438947955411,-0.286022005367666,0.340261198312915,-0.061650328120436,-4.702589451674953,5.554878208845842,-0.949726648496835,1.591841181938710,0.312994926657848,1
8.224259138107300,0.049501001727693,0.050596040710229,1.549888515363575,-0.015561970378935,0.018549888568640,-0.003414211468151,-0.355845812355410,0.422619390355272,-0.075558547636064,-5.104733317029690,6.012426329678171,-1.002889455489083,1.596553964226569,0.349271768944864,1
8.229990720748901,0.049405804885544,0.050709487675569,1.549867674746342,-0.017686117062691,0.021071753348499,-0.003863834141711,-0.385536123122453,0.457567931848379,-0.081357760930356,-5.254826012438871,6.181745987116780,-1.020431129373443,1.598596927765539,0.363611148687492,1
8.240036010742188,0.049207787247488,0.050945308200199,1.549824581909260,-0.021828410406081,0.025984932337052,-0.004733060553637,-0.439581405764040,0.521077450553618,-0.091742434193009,-5.501874454406595,6.458355106857488,-1.046008123647446,1.602374335935445,0.388366252386193,1
8.249995470046997,0.048967684105393,0.051231006033653,1.549772722814815,-0.026482838895555,0.031498832391533,-0.005698934687698,-0.495512150682525,0.586658643076041,-0.102259653361788,-5.727128888102205,6.707863202682224,-1.065075382708200,1.606362300872169,0.412432881452384,1
8.260035276412964,0.048675830605699,0.051577983394203,1.549710167725013,-0.031750293416449,0.037731228797346,-0.006779606967830,-0.554074842677170,0.655170548810944,-0.113024484205344,-5.934961953747216,6.935231421938547,-1.078201494681381,1.610623149944665,0.436217584960510,1
8.269991397857666,0.048331284496228,0.051987250454798,1.549636891581098,-0.037563906445757,0.044601173320616,-0.007958443456161,-0.614111220009492,0.725242317888910,-0.123799508071529,-6.122485752320583,7.137421988244546,-1.085408052747037,1.615081510469015,0.459326930667135,1
8.283075332641602,0.047784896281074,0.052635612431858,1.549521754780262,-0.046129919664881,0.054708589921942,-0.009671329039209,-0.695689350909174,0.820190189362377,-0.138018825580947,-6.341735494764234,7.369107097703680,-1.086471646204734,1.621286530538778,0.488979593289822,1
8.289992809295654,0.047448858334176,0.053034017358481,1.549451504176590,-0.051094027399834,0.060558385426531,-0.010651872171878,-0.739914217549006,0.871534106875725,-0.145523766382546,-6.445510947044864,7.476432671004209,-1.083335349708237,1.624721645283920,0.504323441586950,1
8.300144672393799,0.046890858539863,0.053695068069254,1.549335671668600,-0.058940687966531,0.069794503555590,-0.012185012946099,-0.806066146169063,0.948163670950137,-0.156481113915131,-6.585971564541443,7.610855285631743,-1.077673377591885,1.629954470326008,0.526226076892495,1
8.310087919235229,0.046263855871576,0.054437159567381,1.549206590085251,-0.067287030810447,0.079594124999278,-0.013798585550144,-0.873302277304861,1.022509228137920,-0.168502309383431,-6.931249840359329,7.346498457305788,-1.335319994190189,1.635206430896339,0.530156454891056,1
8.319992542266846,0.045553486337568,0.055276779432676,1.549061440434411,-0.076281204242140,0.090077199710857,-0.015536742490679,-0.943487874500950,1.094045832845741,-0.182877556740953,-7.235610298131594,7.102824481490370,-1.562885332027660,1.640476316566335,0.534041969414457,1
8.330097913742065,0.044733164904165,0.056244164082089,1.548894812038160,-0.086190214592884,0.101492174286228,-0.017468267314179,-1.018013986187471,1.164650659144074,-0.199723954764236,-7.507034455296828,6.873389123969712,-1.766366553167748,1.645893170508060,0.537976553284172,1
8.340030193328857,0.043825650218966,0.057310772992771,1.548711165087419,-0.096675624553033,0.113395356989468,-0.019542058054194,-1.093746621265276,1.231874021344074,-0.218148208991191,-7.736770600941956,6.665837659739251,-1.939218817406051,1.651255585100863,0.541813880044837,1
8.349989652633667,0.042807260416483,0.058502344219408,1.548505386732940,-0.107956104251469,0.125991831352241,-0.021813471773530,-1.171802314747372,1.297297906589303,-0.238217510542050,-7.931753954924992,6.474634391239874,-2.086653679484443,1.656670927052144,0.545632254591365,1
8.360033035278320,0.041662541219609,0.059834276088523,1.548273927598287,-0.120128167311827,0.139344926569144,-0.024313463871761,-1.252308733294464,1.361426635307930,-0.259816085706882,-8.093959893212341,6.298045377026932,-2.210183475536867,1.662170262109662,0.549452842975486,1
8.370082616806030,0.040390754088881,0.061304367550372,1.548016102032264,-0.133123592913025,0.153341277420954,-0.027037754290398,-1.334189252320632,1.423899954390148,-0.282546912914955,-8.144469380359642,6.140657573308881,-2.310270933215357,1.667712228347582,0.554064060296873,1
8.380611658096313,0.038913522137680,0.062999059204716,1.547715297760844,-0.147620799616545,0.168671627824723,-0.030142457505036,-1.419282182347491,1.487798238909752,-0.307324011739846,-8.017698040496287,5.999057511228755,-2.391986882314408,1.673580080735516,0.560485311826789,1
8.389993667602539,0.037465171028097,0.064647621214368,1.547418683548653,-0.161285895288103,0.182890634962826,-0.033131496284582,-1.493946517584503,1.543530384841443,-0.330024594828278,-7.900098512355242,5.884912757349828,-2.444729874109403,1.678864149863738,0.566060887531853,1
8.400000333786011,0.035774957573046,0.066556193660066,1.547070179581638,-0.176630199119886,0.198630507321922,-0.036557371701159,-1.572360577208604,1.601863481979480,-0.354689564357610,-7.769986487672439,5.774750271019688,-2.481182700843007,1.684558210001706,0.571858072921849,1
8.409989356994629,0.033930725830530,0.068621344620122,1.546686869698386,-0.192723154363853,0.214919160916634,-0.040224793710321,-1.649312707657497,1.659049010838059,-0.379576562667914,-7.635496395289554,5.675879400743743,-2.498187744519282,1.690299180089202,0.577489501674592,1
8.420024394989014,0.031912566891984,0.070862387583438,1.546263710967183,-0.209654967056539,0.231850804154440,-0.044159408129425,-1.725233289610811,1.715547742996478,-0.404652276332977,-7.495953882066715,5.586865232992506,-2.496800259558947,1.696121622815178,0.582989763202670,1
8.430006504058838,0.029732740648293,0.073262962817089,1.545802367882455,-0.227246246121893,0.249251315066783,-0.048322536492519,-1.799342878013392,1.770910020167118,-0.429494275532045,-7.352902592561543,5.507725089447078,-2.478057186268691,1.701967331892624,0.588305600928814,1
8.439995765686035,0.027371498254019,0.075842322752119,1.545297765323178,-0.245584443496856,0.267217387001526,-0.052740491513173,-1.871114278747769,1.825870663360741,-0.455922688799412,-6.921146513530378,5.525354605673354,-2.991272497473991,1.707871410883137,0.593728798260594,1
8.450039148330688,0.024809485510530,0.078619111998475,1.544744541379645,-0.264716455019296,0.285834957216469,-0.057482873894526,-1.937842427647244,1.881653353020502,-0.489668376831274,-6.373084475891277,5.581385564637765,-3.715121855714304,1.713861925043201,0.599176897107965,1
8.459993124008179,0.022077746888462,0.081558153588497,1.544147521466048,-0.284310995585852,0.304840347254445,-0.062551428610631,-1.998722015879951,1.937442081947162,-0.529886333317206,-5.866192388847927,5.627468992145610,-4.353620819140760,1.719851876363208,0.604446339876225,1
8.469994306564331,0.019132947425414,0.084705216672094,1.543494584863966,-0.304588845269758,0.324502006637283,-0.068079217354121,-2.054997363932557,1.993924161759481,-0.576325768202791,-5.391640512931401,5.664447808774525,-4.919425730801478,1.725923863008531,0.609612018058922,1
8.480039834976196,0.015970086574287,0.088065013208114,1.542781096683171,-0.325487290041395,0.344809052267788,-0.074122710065075,-2.106884686183123,2.050948401990978,-0.628265224216564,-4.948955970646452,5.692296440037825,-5.414066759820902,1.732070461895031,0.614666425705431,1
8.490007400512695,0.012619317065972,0.091605789524788,1.542009921295420,-0.346732932967031,0.365541161856168,-0.080663152707371,-2.154170015973537,2.107803188244433,-0.684403670294208,-4.541352969058379,5.710896564689429,-5.835617886470949,1.738223428260768,0.619555345479354,1
8.499991655349731,0.009048813133885,0.095362005447829,1.541169338148416,-0.368463813784039,0.386873947585360,-0.087794520615982,-2.197607912293259,2.164886325691477,-0.744506402470728,-4.163657469762634,5.720623924493028,-6.191318636202371,1.744434019972697,0.624321944560127,1
8.509997367858887,0.005251640476201,0.099341973726978,1.540252673433972,-0.390662476663569,0.408815188852686,-0.095547051538531,-2.240228373857428,2.220699009447312,-0.804595749834522,-4.353708477970461,5.439464993098995,-5.816978946017032,1.750688686461455,0.625961624226185,1
8.519995450973511,0.001232866678424,0.103541435076648,1.539256168998703,-0.413281988348624,0.431286502848762,-0.103876306587792,-2.284596411161325,2.273784385217461,-0.860863624316494,-4.516288202597016,5.183385136006093,-5.437998105836512,1.756955253262436,0.627521489710144,1
8.531390428543091,-0.003626023069294,0.108604926031458,1.538015269674033,-0.439612131617644,0.457527466232865,-0.114029729584186,-2.336951862586626,2.331328896445982,-0.920363894996426,-4.666688358641858,4.921525606272065,-5.004884573190470,1.764115756422029,0.629220562608362,1
8.539989471435547,-0.007493055335041,0.112625820498454,1.537000203053288,-0.459880819830779,0.477753813132479,-0.122124756540688,-2.377480883182236,2.372871896034429,-0.961993388637600,-4.756691165511057,4.743716800719295,-4.677729937758425,1.769531608974363,0.630447189565819,1
8.550034761428833,-0.012233567511211,0.117545629663137,1.535724082517115,-0.484005343156701,0.501826671819419,-0.132018082707944,-2.425691480921313,2.419565133339579,-1.007064529609011,-4.837443447739632,4.556101320225556,-4.295721658495762,1.775871732674068,0.631819743359566,1
8.559995174407959,-0.017175222466668,0.122664419839089,1.534358582385475,-0.508405437364608,0.526147957147747,-0.142254945803494,-2.474166294475471,2.464099725128404,-1.047965374106277,-4.892743212038116,4.390048464507396,-3.917717687264516,1.782170975945608,0.633116262061899,1
8.570023775100708,-0.022397405033849,0.128063881837228,1.532879096911208,-0.533456485432876,0.551069862392153,-0.152952405572044,-2.523193161679300,2.507362010832561,-1.085837285750825,-4.802490224458189,4.246879912932080,-3.834972666226465,1.788522439707674,0.633090309607475,1
8.580126523971558,-0.027918357954636,0.133761946441870,1.531277176797264,-0.559196143623574,0.576624798874905,-0.164130363630136,-2.570008306839270,2.549640741629464,-1.127025128976059,-4.463751393233329,4.120057596897032,-4.304442893165662,1.794907543872146,0.630498988883183,1
8.589994668960571,-0.033562422600217,0.139576960869104,1.529601933651096,-0.584769451538970,0.601983630106738,-0.175468233569078,-2.612465983872685,2.589690537101803,-1.171494170594849,-4.142854372819871,3.997058556077118,-4.697697774017166,1.801116999818046,0.627989348946924,1
8.600001335144043,-0.039545491362758,0.145731129646250,1.527786629468900,-0.611113637316459,0.628095846400343,-0.187432045928719,-2.652334813566952,2.629066917643319,-1.220234223922866,-3.827225249757464,3.873091829387683,-5.033470810164039,1.807388433358992,0.625465275714298,1
8.612940788269043,-0.047675891161108,0.154079348275069,1.525257504152908,-0.645740762440679,0.662432401195943,-0.203651967439000,-2.699289369062165,2.678148199894730,-1.287696061631950,-3.433417678252345,3.713803016784956,-5.377972161283822,1.815460213886064,0.622232661510677,1
8.619992971420288,-0.052297568738362,0.158818242659560,1.523788823604981,-0.664862236984407,0.681412759976403,-0.212868993685366,-2.722768700069750,2.704036400754498,-1.326161490166061,-3.225424864840011,3.627395301510507,-5.525054717546106,1.819842589567033,0.620485308320911,1
8.630052328109741,-0.059124279511947,0.165810576436061,1.521579347972350,-0.692411135426300,0.708796389360370,-0.226492495361386,-2.753756119973336,2.739909310134862,-1.382605093546112,-2.936753321263348,3.504596624683461,-5.687402932665814,1.826072105108670,0.618010988179737,1
8.639996051788330,-0.066144664360782,0.172993275749173,1.519258338328418,-0.719929575504098,0.736207916983257,-0.240519816098799,-2.781885223690818,2.774515516255817,-1.438970122958944,-2.777601885434153,3.520305099305618,-5.512299988781209,1.832207836101605,0.616958299984009,1
8.649992465972900,-0.073481902930216,0.180493025696669,1.516780841214215,-0.747880260007598,0.764125096341967,-0.255174598193894,-2.809354080530338,2.810321044300482,-1.491884751751730,-2.715975978585341,3.638562192213283,-5.072185229680802,1.838376717011752,0.617076842154384,1
8.660091400146484,-0.081178605728133,0.188354002960125,1.514126856229726,-0.776389754456433,0.792694309209624,-0.270492454826989,-2.836434363606401,2.847575307174500,-1.540847702017504,-2.645568505041463,3.735407950402081,-4.623653282077982,1.844609107603109,0.617153862941924,1
8.670014619827271,-0.089022971890001,0.196360895109483,1.511366101359398,-0.804665341501510,0.821136635015766,-0.286002999420752,-2.862312294507502,2.885026132622168,-1.584529681311394,-2.568856412589184,3.809259844987924,-4.179908963592253,1.850733463224330,0.617187719243999,1
8.679999113082886,-0.097200242417644,0.204703966994319,1.508430850544742,-0.833370752537442,0.850133009602075,-0.302024625793135,-2.887546035101152,2.923345055891685,-1.624025502629756,-2.484580946110603,3.863067052737362,-3.731222903615398,1.856895765952153,0.617179944786151,1
8.689994573593140,-0.105674000536963,0.213347278326988,1.505330549150635,-0.862352954962007,0.879543991023525,-0.318434819559684,-2.911928607599685,2.962140920864395,-1.659066609141796,-2.393534810156584,3.897136761539929,-3.280682476684538,1.863063961220878,0.617130130781106,1
8.699991226196289,-0.114441599817332,0.222289515725753,1.502063442064445,-0.891583993727744,0.909354117411766,-0.335178355801421,-2.935377241097828,3.001194710395568,-1.689610506519960,-2.296193890458628,3.912200399279488,-2.829376167991595,1.869233508061951,0.617038226254202,1
8.710004091262817,-0.123516215253154,0.231545630888877,1.498622300542708,-0.921087492741849,0.939599441502450,-0.352221002457832,-2.957639657692353,3.040176205570687,-1.712964565901113,-2.151616425893199,3.873125763215040,-1.840206465881954,1.875403320822102,0.615360207229674,1
8.720059156417847,-0.132923149342616,0.241143079378647,1.494995592368939,-0.950918957039835,0.970348990141362,-0.369513564528136,-2.978563116999687,3.078880909058014,-1.726649356074577,-2.013266527213625,3.828142935536142,-0.890761434564389,1.881579384704945,0.613671725749159,1
8.729997873306274,-0.142525938227873,0.250944325791895,1.491235963694760,-0.980632894634168,1.001151501756471,-0.386711180443075,-2.997927969989842,3.116700802037808,-1.731023644020672,-1.882838562113319,3.778077507145344,0.003516664344877,1.887672988363668,0.612005880226868,1
8.740054607391357,-0.152539577311842,0.261170640443035,1.487259510083885,-1.010874606578847,1.032684708571797,-0.404104354584530,-3.016224904430449,3.154416453798440,-1.726627746580385,-1.756962635802641,3.721707193383300,0.863313159910847,1.893819170855415,0.610325767185920,1
8.750058889389038,-0.162799412470338,0.271655815980045,1.483132317398491,-1.041122659031877,1.064413921221129,-0.421313748340838,-3.033192005558500,3.191329015243674,-1.713902099292547,-1.637344966518409,3.659838079150337,1.674641581707553,1.899914088913501,0.608659786825798,1
8.760069370269775,-0.173373286548923,0.282471098553251,1.478829411056764,-1.071565019370057,1.096541387876997,-0.438372989024789,-3.049003953996396,3.227629495223699,-1.693252526311412,-1.522695465633883,3.592012599603363,2.444103518182676,1.905998448800029,0.606996824532745,1
8.769998550415039,-0.184169370928380,0.293524463075508,1.474391300797769,-1.101928434446288,1.128782103458877,-0.455061817429600,-3.063562915080298,3.262952539039526,-1.665339942292795,-1.387646143893326,3.515621887075414,3.178338850419050,1.912020222032380,0.605102424472286,1
8.779998302459717,-0.195340693133825,0.304974617946611,1.469758543967164,-1.132625542336148,1.161581874637399,-0.471541576939877,-3.076184358921476,3.297633175992821,-1.629749199665072,-1.140319213760732,3.421470905943155,3.933755325922825,1.918055070977243,0.602019831004715,1
8.790005445480347,-0.206829803440809,0.316764988442003,1.464958610919678,-1.163464044621860,1.194753102051742,-0.487642396135958,-3.086439787565634,3.331404513282093,-1.586770432284665,-0.912357156992722,3.327665446072475,4.648634928817917,1.924064604043152,0.598979072851640,1
8.800187587738037,-0.218836220759794,0.329103116161654,1.459912080298330,-1.194933407555724,1.228843982598196,-0.503545747832297,-3.094628440938804,3.364799688474409,-1.535912389226564,-0.699148252268261,3.231938121776411,5.334305391724721,1.930147795158163,0.595931105266746,1
8.810097694396973,-0.230830790249874,0.341447442337363,1.454847111066019,-1.225634129068106,1.262348295038028,-0.518495134772287,-3.100599304785377,3.396364702534084,-1.479903887809802,-0.508463031024607,3.137813146097459,5.961981769288839,1.936039302515377,0.593008670569056,1
8.820018529891968,-0.243143064907753,0.354138948081549,1.449631245520321,-1.256417487763122,1.296196740368473,-0.532874127112191,-3.104761079144904,3.427021560887443,-1.417797606293068,-0.332982905095321,3.042025401552441,6.551702906383376,1.941908254150654,0.590126926258697,1
8.830157279968262,-0.256041194109395,0.367457426030391,1.444156860215718,-1.287910116968296,1.331097102444632,-0.546902263026709,-3.107290473914891,3.457358521532655,-1.348482211594452,-0.168347170506482,2.941908786442155,7.115098739157069,1.947876665183301,0.587227213459416,1
8.839992761611938,-0.268858096459451,0.380716442969310,1.438714008241313,-1.318475750777986,1.365239407653060,-0.559810174587828,-3.108073462689096,3.485113909607935,-1.275086217012946,0.021088754660270,2.633572333991172,7.890844162475787,1.953644847551125,0.586414158657957,1
8.850034713745117,-0.282255508536982,0.394602927406637,1.433029226992049,-1.349683868709138,1.400364292934571,-0.572202494296684,-3.106844824761313,3.509500071507553,-1.191469174839905,0.221028941543030,2.225641890009572,8.749507417841913,1.959534532508895,0.586536944058289,1
8.859991788864136,-0.295848379609793,0.408720781637703,1.427274173126829,-1.380604908574094,1.435412481931304,-0.583619148616742,-3.103718772146033,3.529709972193025,-1.100412324034001,0.404503602666851,1.836207462325395,9.528562159070667,1.965375106215710,0.586604547148958,1
8.869999170303345,-0.309819623251038,0.423262188128503,1.421380335719225,-1.411641109964215,1.470820385761517,-0.594141838085217,-3.098806471118978,3.546187399393180,-1.001434718324845,0.575009843151871,1.459296590189173,10.241280079698118,1.971245455413021,0.586618175226177,1
8.880008697509766,-0.324104960140548,0.438162639898451,1.415384685261765,-1.442627946664323,1.506383877865108,-0.603641853732312,-3.092251895629697,3.558966117530376,-0.895639239962702,0.732527314557567,1.096230226537730,10.885993612736627,1.977117206898469,0.586577334305218,1
8.890017271041870,-0.338697303271123,0.453416712716789,1.409300514362442,-1.473535606421539,1.542050513157008,-0.612050198667386,-3.084183870920367,3.568176632749155,-0.783744167105080,0.877855506601891,0.746609362311262,11.464645175333324,1.982987158285632,0.586482037030321,1
8.900029420852661,-0.353605352740102,0.469035282911456,1.403135086013725,-1.504369365338930,1.577808223666947,-0.619313826897796,-3.074714141720623,3.573954683069243,-0.666324449508034,1.011928825288630,0.409665768376081,11.979795277391952,1.988858539499959,0.586332200692517,1
8.910003423690796,-0.368762702843442,0.484950185575102,1.396926889134740,-1.534984534863116,1.613475903045367,-0.625362773101345,-3.064113293212465,3.578271601326232,-0.546557973358320,1.112325780557288,0.460701304584608,12.023944053217496,1.994709739867334,0.586968293263329,1
8.919991970062256,-0.384247633221098,0.501245046897499,1.390655156699310,-1.565533490146448,1.649241385322733,-0.630221952102724,-3.052526443810453,3.583097112516485,-0.426369210645311,1.206803196446411,0.502739663958431,12.037768774404341,2.000575814828120,0.587586029523811,1
8.930067300796509,-0.400175245198211,0.518043248695360,1.384286024299641,-1.596225181413959,1.685367441374167,-0.633906738217596,-3.039910003566531,3.588305973033831,-0.305108114788623,1.296826341301041,0.528518962291533,12.030133759112196,2.006498785031517,0.588172848933767,1
8.939993858337402,-0.416170985784894,0.534951252917969,1.377979985560572,-1.626337898977744,1.721015796302320,-0.636343219172878,-3.026615892375325,3.593612637793427,-0.185804507306532,1.380705366313706,0.537986459583060,12.002040237213400,2.012340459789264,0.588715430695732,1
8.950116872787476,-0.432789262434782,0.552557342128595,1.371530826977041,-1.656904229506798,1.757421515527349,-0.637609914640498,-3.012225482686246,3.599040543205977,-0.064538763577261,1.461660680853311,0.531765835652758,11.953008299983809,2.018302681726382,0.589232293347337,1
8.959988594055176,-0.449292695876839,0.570081994385113,1.365235136930990,-1.686568343274463,1.792976727230390,-0.637665607752875,-2.997423479945524,3.604198004434568,0.053145382109806,1.536484357420617,0.510664219422506,11.885986083398357,2.024121901079913,0.589700921241307,1
8.969992160797119,-0.466312067373359,0.588196398698738,1.358861604045733,-1.716471627304527,1.829052276040725,-0.636540987615745,-2.981699423397875,3.609143081974443,0.171448723210767,1.603638188624831,0.478187343127189,11.692977439637938,2.030021087868712,0.589213752250581,1
8.980961084365845,-0.485319766527895,0.608477248635975,1.351891992428307,-1.749081434828065,1.868670414527602,-0.633966266034878,-2.963792301855988,3.614172054722380,0.297129570113885,1.660279312336239,0.436261230605092,11.223246856546297,2.036469146856509,0.586430700642336,1
8.990102529525757,-0.501432945379728,0.625711115319528,1.346110305773600,-1.776105501637395,1.901727654351789,-0.630786418808004,-2.948415985405464,3.617957304913358,0.397964720470079,1.703090374281970,0.390213148482185,10.838248932524055,2.041819504177343,0.584110007345815,1
9.000002145767212,-0.519159476634156,0.644714372367412,1.339887148222385,-1.805208828712372,1.937561352256288,-0.626322483884620,-2.931343779622614,3.621528089517501,0.503219975797504,1.745388188503647,0.329321184129548,10.427908567959046,2.047589385387781,0.581595580250575,1
9.010031700134277,-0.537412931132442,0.664330391271205,1.333632162927008,-1.834521834777013,1.973900779833191,-0.620757524290303,-2.913638888354710,3.624474366992659,0.605756033500356,1.784375955433834,0.256302339958416,10.019054213188531,2.053410024749888,0.579046496799738,1
9.021406173706055,-0.558467247147900,0.687016515101754,1.326613134307972,-1.867545937331776,2.015140985515395,-0.613229279295807,-2.893111255789457,3.626856181318563,0.717117288829087,1.824432941370405,0.160192871839040,9.563730813614820,2.059979787600549,0.576153999385576,1
9.029990911483765,-0.574605602875559,0.704449144498340,1.321376290868605,-1.892314278364271,2.046280654219419,-0.606724958107232,-2.877329186907832,3.627886682135357,0.797763471279843,1.852101706205741,0.078620296230636,9.225888516479683,2.064916406364088,0.573969678495666,1
9.039994478225708,-0.593679606852834,0.725101282548339,1.315348170982717,-1.921002331382376,2.082577826046535,-0.598291114856398,-2.857306251407730,3.629173364817751,0.887226791346691,2.279368130807555,0.274436633954345,8.575717726651112,2.070651303861566,0.573149547908484,1
9.052976131439209,-0.618857255140154,0.752442521796423,1.307659160938671,-1.957882051967119,2.129724514344879,-0.586077925538265,-2.822991500754387,3.635191109983007,0.992345836825621,2.984006156671972,0.633604236981813,7.635010962047031,2.078091901716281,0.573165208287089,1
9.060950517654419,-0.634559188602983,0.769540892647913,1.303017872868736,-1.980294124403811,2.158734071591170,-0.577927800134302,-2.797705492032853,3.640930390917783,1.051083698541565,3.349818317725238,0.799118978920926,7.102642322789339,2.082662336400007,0.573143876366511,1
9.072955846786499,-0.658534363610591,0.795720355645409,1.296157263370838,-2.013629041757607,2.202507827945635,-0.564815293330425,-2.754614051186695,3.651662958381557,1.131839493781402,3.811515408094184,0.974458523175880,6.362336063154147,2.089542847856892,0.573067330982567,1
9.079999923706055,-0.672786636647703,0.811325643987595,1.292207106054571,-2.032936269938369,2.228255184715285,-0.556688054459589,-2.726956136332686,3.658768553313079,1.175227014962116,4.035772190644462,1.038368681211574,5.960401159631612,2.093579343286827,0.572997564733118,1
9.089998960494995,-0.693250169695751,0.833789668257772,1.286700352301593,-2.059997446026127,2.264893089450791,-0.544647706159638,-2.685232665174399,3.669417354769939,1.232131031514864,4.299105727740637,1.082728479862290,5.428618526742687,2.099308281535566,0.572866963679405,1
9.104963064193726,-0.724373383697832,0.868092097646382,1.278691319041035,-2.099686067897467,2.319921407448951,-0.525629653617873,-2.619148616156579,3.685144817470606,1.308332626616857,4.372926995850558,0.895037236853096,4.890114672117414,2.107873440125865,0.570526576783090,1
9.110046148300171,-0.735080006026566,0.879932079778059,1.276036508245497,-2.112943495567904,2.338664078189296,-0.518916334796995,-2.597255545551438,3.689226790579182,1.333058838593214,4.241551350960056,0.711498632451197,4.838407958698079,2.110767803645358,0.568296046005179,1
9.120594501495361,-0.757509718131218,0.904804233797948,1.270638380965426,-2.140106817812502,2.377608442601636,-0.504588959225648,-2.553924874832162,3.694756143288950,1.383502391081693,3.976561878149201,0.338763683238769,4.725446127715066,2.116737504201172,0.563683266100311,1
9.130045175552368,-0.777848671014993,0.927439271376880,1.265932120165778,-2.164068977378255,2.412536636753212,-0.491304480967204,-2.517429619038986,3.696414887117400,1.427657455521260,3.748215946032717,0.013615609552687,4.617891743418268,2.122045231605064,0.559567977046688,1
9.140974998474121,-0.801653217235203,0.954030980541186,1.260648068385637,-2.191367613398262,2.452934790328057,-0.475425782296324,-2.477852097635146,3.694552455058486,1.477422133873693,3.495310455405340,-0.352692733726388,4.486260161649184,2.128135824450803,0.554829220946557,1
9.150079250335693,-0.821705182452959,0.976514993141447,1.256381683025973,-2.213783386406280,2.486550416118869,-0.461791331645144,-2.446953706511184,3.689982107565895,1.517742803530223,3.294197154000069,-0.650261359658538,4.370897810489665,2.133168966428658,0.550899741346666,1
9.159982442855835,-0.843750305363170,1.001323012861634,1.251883175958700,-2.237860261008745,2.523059441929756,-0.446547131040802,-2.415369528529656,3.681968668605783,1.560387838082490,3.085564212216361,-0.966710201602964,4.239678024617264,2.138604060924308,0.546642577313728,1
9.169982910156250,-0.866251845410671,1.026740558583656,1.247495915569489,-2.261865851512768,2.559829835232700,-0.430731688550082,-2.385498452592611,3.670673113049317,1.602072264324128,2.897779078356406,-1.315640613554151,4.082729849097420,2.144050001143202,0.542538900865125,1
9.179996252059937,-0.889017071966126,1.052553700754124,1.243264338425313,-2.285607207084551,2.596508258562860,-0.414490171405110,-2.357270905677394,3.655420511052580,1.641959512635307,2.741794753326609,-1.728629140885196,3.885083157600717,2.149463313486156,0.538811559490835,1
9.190026998519897,-0.912061553015947,1.078782205720563,1.239189941388609,-2.309117009217491,2.633081143857344,-0.397827958118269,-2.330528652796580,3.636069355623158,1.679937953792877,2.591255569855383,-2.127245920620609,3.687383057195158,2.154849312403647,0.535088184689444,1
9.199990510940552,-0.935184281513463,1.105197691395189,1.235310071597258,-2.332211589908387,2.669198071222064,-0.380909684428620,-2.305429761729268,3.612962298751437,1.715701431793930,2.447834512968196,-2.508581626029958,3.491410347325089,2.160162417084549,0.531400469320413,1
9.209995985031128,-0.958633597540069,1.132084050165149,1.231585429976369,-2.355157759993313,2.705214840663440,-0.363572211027452,-2.281632019003590,3.586007417749951,1.749651416828023,2.310345348053670,-2.877218015414534,3.295125616403336,2.165460724071623,0.527708221885675,1
9.220978975296021,-0.984637949798496,1.162011678711891,1.227698480373648,-2.380081013401312,2.744419342243156,-0.344160963794047,-2.257049878836164,3.552256959276159,1.784662346218868,2.167385368585047,-3.265836546728172,3.080349239270536,2.171234462381159,0.523667550544509,1
9.229995727539062,-1.006190040377133,1.186901421961500,1.224668185364891,-2.400345688919820,2.776312209754454,-0.327946269320825,-2.238011287660925,3.521418362929370,1.811644546041594,2.056556204044783,-3.572637902799563,2.904656246063365,2.175941325108403,0.520360103389324,1
9.239997386932373,-1.030308503916211,1.214843999074600,1.221479344078815,-2.422628953909336,2.811346293586687,-0.309683261016121,-2.218419853140004,3.483629899314067,1.840611266864483,1.823647421804196,-4.021774051597785,2.978692664602866,2.181127782806067,0.516828527186024,1
9.250037431716919,-1.054742156534335,1.243243564910448,1.218463529287614,-2.444813651381150,2.846109559375160,-0.291050754576615,-2.201480836015129,3.440822435396187,1.871540286175594,1.555849202051732,-4.499357267324639,3.180152661965592,2.186299060961560,0.513350843080884,1
9.259945392608643,-1.079074265530487,1.271612221790394,1.215672065453897,-2.466554477520328,2.879974619467504,-0.272347546554712,-2.187253496199991,3.394061175729652,1.903969724892141,1.320628555324953,-4.933413293011683,3.362841274610609,2.191368560379428,0.509918274441059,1
9.269999027252197,-1.103982427618976,1.300737109586765,1.213030781996704,-2.488481244753276,2.913840969993558,-0.253032883790507,-2.175057179118166,3.342394676165133,1.938634750816107,1.110274802419666,-5.339208081501524,3.529972619617871,2.196477583355227,0.506435092919810,1
9.280037879943848,-1.129072147675070,1.330154829014764,1.210589021519124,-2.510262527326600,2.947117771433871,-0.233391729633158,-2.164851503235290,3.286898025297736,1.974824604421384,0.927497668894710,-5.712650134960427,3.676873648678505,2.201543911641739,0.502956883918877,1
9.293024539947510,-1.161855519367277,1.368704517259854,1.207725831600017,-2.538305395002347,2.989310692292213,-0.207429625699357,-2.154137364652335,3.209796046243809,2.023643563140762,0.729522834319785,-6.153384815119063,3.834966606470883,2.208046658467900,0.498456489548020,1
9.300098657608032,-1.179866257440873,1.389931918655297,1.206309266097454,-2.553527053692207,3.011862079051117,-0.193017078469430,-2.149303184799934,3.165473033760695,2.051028136612224,0.641197215634678,-6.374538554071500,3.902405969406062,2.211564244542858,0.495981402490227,1
9.310005426406860,-1.205267589635931,1.419922584481808,1.204498439091768,-2.574783609436642,3.042904300264467,-0.172513248226510,-2.141865620707183,3.101390755492967,2.087948840635613,0.857675442938378,-6.561622631911119,3.551107480020596,2.216441364083169,0.488678548428877,1
9.320049524307251,-1.231236854532286,1.450641137513799,1.202871603954975,-2.596249969429469,3.073720922444636,-0.151368580613739,-2.132216767585366,3.034572616974604,2.121817797245506,1.060975062636046,-6.741675305346485,3.192679155391185,2.221312746057132,0.481329681668507,1
9.331374406814575,-1.260774292553017,1.485642136666734,1.201294246254003,-2.620323420645048,3.107649221847844,-0.127144195541871,-2.118990833104539,2.957134383368766,2.155679009432932,1.271672644676903,-6.932464949873038,2.787487964854267,2.226716916678391,0.473111180009397,1
9.339991331100464,-1.283434466744662,1.512532545172821,1.200278871009842,-2.638535540006963,3.132874305379662,-0.108467122032002,-2.107387004212117,2.896798749836621,2.178373249565898,1.419549120650770,-7.068649931394069,2.479405714111799,2.230767357566683,0.466904562314470,1
9.349999189376831,-1.309945213463243,1.544029033912116,1.199302857270941,-2.659551673505028,3.161507877270070,-0.086548588912950,-2.092374275220718,2.825308266661454,2.201401041134902,1.578476558340647,-7.216738590195291,2.122961677827036,2.235404108263455,0.459748746635525,1
9.359997510910034,-1.336640580650047,1.575778816168761,1.198547888638494,-2.680390525552439,3.189393174264986,-0.064438066337785,-2.075852911524885,2.752459195805145,2.220856356321932,1.724245207684724,-7.353669546718336,1.769230984337383,2.239965315361204,0.452655057297310,1
9.370014429092407,-1.363589174392227,1.607858190463207,1.198014188831986,-2.701091385666984,3.216589170554555,-0.042112466814803,-2.057393636782184,2.678523897620515,2.237106850282539,2.166037101131851,-7.266253435566247,1.594714749336016,2.244469164430132,0.449084850718170,1
9.380004167556763,-1.390680466900207,1.640130498961241,1.197705352213383,-2.721523545542822,3.242998348273037,-0.019677058596006,-2.030704080269294,2.608422921108870,2.253896414257879,3.158964069725413,-6.773130621284192,1.761082121207360,2.248973534286026,0.452490805751005,1
9.390009164810181,-1.418005797772409,1.672700673416781,1.197621585890932,-2.741663989234958,3.268760028562938,0.002959934195710,-1.994556159533937,2.542944540721149,2.272225026289212,4.051703600243381,-6.325844488488785,1.898586096686824,2.253516250953710,0.455720129941159,1
9.399993419647217,-1.445482586028342,1.705468018745456,1.197764755153642,-2.761365860796666,3.293845130373795,0.025746783603310,-1.950050096963455,2.481815537145488,2.291749392474275,4.846359118216004,-5.924650881096937,2.007002780806696,2.258082383512288,0.458763671516079,1
9.410026311874390,-1.473283707550761,1.738637947641134,1.198138742276824,-2.780673914832809,3.318452355729662,0.048841582904664,-1.897812101057369,2.424210896372283,2.312310826709234,5.552141388777727,-5.566133617832436,2.087104581454209,2.262699582038036,0.461640182989132,1
9.421119689941406,-1.504247581995132,1.775600308720942,1.198823354618651,-2.801371863845683,3.345011039372265,0.074623769419196,-1.832360874124614,2.364427442852379,2.335803532630198,6.229896328978696,-5.220381577498192,2.142359264384146,2.267837626757297,0.464609416197659,1
9.429998159408569,-1.529190283888169,1.805390673592466,1.199578189819321,-2.817388091864754,3.365800481367760,0.095446332210590,-1.774923173772529,2.319166375374384,2.354925815688317,6.698448938218341,-4.981042126950492,2.161649182305311,2.271972479684337,0.466825603414048,1
9.440023899078369,-1.557524071601087,1.839250229487743,1.200653798310227,-2.834841342540102,3.388801873298640,0.119164544598715,-1.706920104004300,2.269012898559034,2.376698458345110,6.707807914681564,-5.169489003121488,2.186466095877440,2.276643117657672,0.462732532841036,1
9.449994325637817,-1.585872392373693,1.873149940218748,1.201960414490364,-2.851530457082848,3.411161510421883,0.142970112477149,-1.641184000331950,2.215546204804006,2.398540247580367,6.478639758916632,-5.550181029484894,2.188377120550073,2.281220228665688,0.455415898840672,1
9.460000038146973,-1.614486434641782,1.907392640903488,1.203511440385926,-2.867631940968801,3.433046858163831,0.167079467745621,-1.577501831532168,2.158231936642503,2.420288069280330,6.250201393045243,-5.900362337150621,2.152339323453817,2.285740745361910,0.448139266337448,1
9.470824241638184,-1.645615307887557,1.944675333713047,1.205462040167960,-2.884344709289086,3.456053955463198,0.193400148487041,-1.511180786974309,2.092474753006760,2.443191334555915,6.005217825687124,-6.244606454868279,2.073029072426271,2.290548914003133,0.440342999587156,1
9.480946302413940,-1.674889280818692,1.979766309897260,1.207545318265180,-2.899338258475654,3.476910572246424,0.218236506647654,-1.451541276548640,2.027765349936769,2.463648472987619,5.778415252773577,-6.535391699532866,1.963222791051794,2.294969800638791,0.433121733091637,1
9.490001916885376,-1.701201294571985,2.011331697999023,1.209622665855960,-2.912247679045866,3.495000563689401,0.240623447983535,-1.400128680982883,1.967504244079266,2.480875449700490,5.577695680212388,-6.770995161914215,1.837608772472260,2.298862648869643,0.426719805896362,1
9.499998569488525,-1.730383760560804,2.046368014274530,1.212152418293055,-2.925969560719138,3.514327136517511,0.265513653139382,-1.345465983821723,1.898622052408338,2.498435666962314,5.358725719409112,-7.005303416954309,1.670755097425218,2.303093451934732,0.419714998554906,1
9.511331558227539,-1.763628159323365,2.086315213282101,1.215322197997507,-2.940879035769199,3.535388719783569,0.293912457384363,-1.286266737408771,1.817885018070009,2.511388669071377,5.086962213803843,-7.235201304794741,0.621822350883317,2.307804586949812,0.411717635676510,1
9.520003557205200,-1.789181389419351,2.117044205579151,1.217965711536348,-2.951845819084889,3.550880718533854,0.315706693757651,-1.243074187858860,1.754489351328791,2.513436578282457,4.872846587892826,-7.380050118812889,-0.143928418414567,2.311348959617509,0.405652126353133,1
9.530145406723022,-1.819180245424666,2.153143943326470,1.221296598351022,-2.964206073863071,3.568291636926149,0.341174173045935,-1.194947363738293,1.678919275935711,2.507613110678828,4.617610729231101,-7.517793902663545,-0.997002410829611,2.315427116338756,0.398620044515733,1
9.540023088455200,-1.848503812491534,2.188454847646965,1.224787090699673,-2.975782991122169,3.584499644981637,0.365870658125882,-1.150598049600072,1.604159069475676,2.493846916444909,4.365809039830984,-7.621566948603438,-1.784645875476770,2.319329215044749,0.391836684716255,1
9.549990892410278,-1.878237239420801,2.224280893169306,1.228559538053451,-2.987044821874414,3.600117224476585,0.390639907917571,-1.108334284525636,1.527744834914481,2.472256209152815,4.109857097390497,-7.698468562471351,-2.538333940430804,2.323203022981263,0.385047689909458,1
9.560141086578369,-1.908611283674974,2.260898412849460,1.232651290138514,-2.998086885073662,3.615225866701130,0.415589237986496,-1.067942983018047,1.449322720631968,2.442778685900858,3.849380848124813,-7.750361312318862,-3.263201638405823,2.327076357578566,0.378203107495803,1
9.570000410079956,-1.938220975415972,2.296610431212502,1.236866792617900,-3.008432762700959,3.629137622367320,0.439503365745706,-1.031175553870087,1.372724920794813,2.407371736620431,3.632719188407898,-7.798311409773209,-3.883732923402957,2.330772543000052,0.371595842644651,1
9.579996585845947,-1.968345438811670,2.332956079804685,1.241379864449871,-3.018561910358475,3.642469173028521,0.463365807649816,-0.995648033169929,1.294442458932910,2.365979054591841,3.472298863661477,-7.857906043983117,-4.393638582962784,2.334453720488403,0.364913768631948,1
9.590144634246826,-1.999027899305975,2.369984444258397,1.246203047572783,-3.028489790313004,3.655199742298860,0.487140529722749,-0.961310637504695,1.214541184497111,2.318873447947993,3.292620587808446,-7.884145190247465,-4.886049154672012,2.338122637959684,0.358191977672780,1
9.600026845932007,-2.029001769927871,2.406163064217053,1.251129375755131,-3.037831681324021,3.666816803075923,0.509809497418679,-0.929692416558035,1.136627799443226,2.268320061590876,3.104683914994947,-7.880052863309531,-5.341446151732155,2.341630185046743,0.351705806206797,1
9.610032320022583,-2.059444194496695,2.442908637532747,1.256343145218718,-3.046982023624611,3.677795778934642,0.532231411548414,-0.899621532038323,1.057912528290003,2.212666672062539,2.904512034166860,-7.849476221056249,-5.778624706800885,2.345116728035400,0.345198112582743,1
9.620000123977661,-2.089860134883209,2.479619446708752,1.261757274558608,-3.055808376464988,3.687951692492505,0.553992847783938,-0.871693735879973,0.979920255226637,2.152994222726119,2.698172087162014,-7.795746673567993,-6.190510264644161,2.348525533889098,0.338775110528815,1
9.630096673965454,-2.120757964165431,2.516904529236381,1.267459487582892,-3.064475761260207,3.697449563340449,0.575408841985004,-0.845524912927059,0.901570822303700,2.088483439422204,2.484939915211000,-7.720719781953274,-6.584016890735108,2.351913485069006,0.332329926321220,1
9.639998435974121,-2.151142731643254,2.553558741081201,1.273258354472554,-3.072730568022847,3.705996487486781,0.595761632036272,-0.822408436412783,0.824139804761765,2.022332988364586,2.142942106329638,-8.054584570627807,-6.692303196316074,2.355167442262679,0.324364756080710,1
9.650162220001221,-2.182415422139648,2.591266824630936,1.279416832016729,-3.080985392943124,3.713947949708989,0.615970505442097,-0.802594700827050,0.739680021069451,1.954292678379290,1.763567370969757,-8.553994063532972,-6.702839810776395,2.358418588838787,0.315399929347421,1
9.659992694854736,-2.212741486334127,2.627811065496522,1.285565481606077,-3.088795456222122,3.720799016733596,0.634857662617061,-0.786886194114439,0.653473314641271,1.888206243028020,1.439103335008101,-8.974694672190802,-6.747823933129228,2.361476816755777,0.306805999514082,1
9.670028209686279,-2.243773365483533,2.665176357363699,1.292029457047661,-3.096623546821189,3.726897646368321,0.653462774360096,-0.773936035056137,0.561521076726008,1.820133796695043,1.148924732925882,-9.343806945181337,-6.825901628808915,2.364511579213814,0.298112267032753,1
9.679994344711304,-2.274678911179003,2.702352572043481,1.298632496780742,-3.104285379561210,3.732025350692683,0.671265175168775,-0.763757376412454,0.466794036547637,1.751583904220487,0.899645140952026,-9.653027800715611,-6.932627947464203,2.367440453564809,0.289553561486189,1
9.690004110336304,-2.305787234008449,2.739727468378765,1.305437633543521,-3.111888332694964,3.736209409616179,0.688447082675100,-0.755850059710271,0.368854604135850,1.681549440716243,0.686460391982797,-9.908687799062072,-7.066082401491499,2.370295860418601,0.281038083704259,1
9.700156211853027,-2.337413817264390,2.777669766688224,1.312511225187672,-3.119528599398370,3.739439292698091,0.705149268918068,-0.749826481268394,0.267185377066964,1.609034136406296,0.507404618468974,-10.108454416313249,-7.234315862067569,2.373105093184517,0.272500655061217,1
9.710000991821289,-2.368165620481686,2.814500433556390,1.319531077953479,-3.126887649246693,3.741587037672281,0.720625040957201,-0.745041676093924,0.169778029147752,1.532825418027185,0.464904493316667,-9.678720564096755,-8.232839557232467,2.375756610525830,0.266095945524695,1
9.720040321350098,-2.399594945022065,2.852070400577774,1.326841486477630,-3.134344634809075,3.742810993652316,0.735582564818507,-0.740580863030230,0.074772359453983,1.445385640184091,0.424245272034961,-9.249510262241881,-9.173787721272726,2.378395519413826,0.259628867084485,1
9.729997396469116,-2.430841242643064,2.889340945240462,1.334236020638545,-3.141698428464075,3.743103910202324,0.749505453538607,-0.736544821135271,-0.015246777034461,1.349705127645006,0.386957556789862,-8.833060138028186,-10.032069908336181,2.380949053060605,0.253277705147523,1
9.740005970001221,-2.462318986436333,2.926798284417604,1.341802664728747,-3.149050695387291,3.742515867105000,0.762496942366425,-0.732845805309249,-0.101590154130167,1.245297715878371,0.352876865749029,-8.424092061104435,-10.821439749571359,2.383452083312742,0.246957757960728,1
9.752470016479492,-2.501630231217628,2.973439956634328,1.351400740066350,-3.158158558446301,3.740607039526962,0.777157873150531,-0.728063825734867,-0.204051467643738,1.106061568893419,0.573672315065659,-8.159365336246188,-11.175221630176313,2.386480297837267,0.238505685850500,2
9.759992122650146,-2.525406031244244,3.001569955795400,1.357276921385734,-3.163615184452004,3.738840786246012,0.785164346329532,-0.722338774262061,-0.265655449098466,1.023182958965515,0.946481458836415,-8.219469703191228,-10.862445239888162,2.388253059218544,0.232876070311888,2
9.771595239639282,-2.562162926810315,3.044933024978183,1.366453544562624,-3.171920498323778,3.735203092021697,0.796316105605881,-0.708132678216944,-0.361505666566620,0.899889640590289,1.497262834019009,-8.299018933462971,-10.391119296010313,2.390905894276525,0.224423990083719,2
9.779998779296875,-2.588840859918949,3.076305696286812,1.373175599197435,-3.177813428725001,3.731871849980447,0.803514813918901,-0.693941117412171,-0.431447640420081,0.813978745878703,1.878039904871116,-8.346890720392851,-10.058138209568341,2.392766609532892,0.218479171563017,2
9.789997577667236,-2.620651051709378,3.113598747772551,1.381249198254614,-3.184651133731312,3.727139579349910,0.811157671179681,-0.672976191555374,-0.515152732372405,0.715348882484763,2.311769255475689,-8.393485246046852,-9.670880503000630,2.394916662533956,0.211597479076288,2
9.799998760223389,-2.652533061224954,3.150845611776596,1.389395523613653,-3.191258794143748,3.721567316103663,0.817834388096726,-0.647774058988923,-0.599280628651400,0.620529793944486,2.724892559082805,-8.429100933498711,-9.293190164104873,2.396999243108779,0.204924134932991,2
9.812945604324341,-2.693906100568363,3.198978426811570,1.400033373742579,-3.199403293431453,3.713100432278612,0.825103281984510,-0.609188164504175,-0.708633954542150,0.503295142019900,3.229755273944237,-8.459385649448498,-8.818245642340743,2.399598260120664,0.196595210022223,2
9.820015430450439,-2.716534245372170,3.225204121039923,1.405877192708341,-3.203626115453621,3.707880481457080,0.828442384731175,-0.585430250350537,-0.768459745053817,0.441864174988056,3.491364879790239,-8.468593874837616,-8.565564827910192,2.400972173329170,0.192196693336548,2
9.829999208450317,-2.748552476062797,3.262189247988839,1.414170182354970,-3.209291889833993,3.699784754206445,0.832433403998306,-0.548788444073782,-0.853052884192183,0.358084134876033,3.844489698987412,-8.473039913889764,-8.216375115035303,2.402861033772845,0.186160755935150,1
9.840003252029419,-2.780684411458931,3.299157075010999,1.422514245141925,-3.214583828994391,3.690827053616886,0.835610198350830,-0.508638596557816,-0.937796875979313,0.277601297619701,4.179295862489550,-8.467702425236093,-7.875561768479500,2.404693975220533,0.180323006866961,1
9.852938413619995,-2.822306580106248,3.346817011052690,1.433343420106159,-3.220801995005415,3.677988573891250,0.838554177740213,-0.451923514749698,-1.047209226924932,0.178510602976959,4.584737460436527,-8.446743690834106,-7.448023414865889,2.406979293832040,0.173085200184504,1
9.859995365142822,-2.845048142301709,3.372747577980455,1.439265468707813,-3.223875487386980,3.670387754459131,0.839630414873535,-0.418826310995878,-1.106760936095166,0.126750678495638,4.793172977249605,-8.428826388762275,-7.220904217407644,2.408187355288725,0.169283920652221,1
9.869999647140503,-2.877320079678415,3.409409508976694,1.447670318916609,-3.227820841921346,3.658894401282820,0.840542380621927,-0.369458219723519,-1.190925563245661,0.056093348808265,5.073529173826947,-8.395828843917551,-6.906269081412209,2.409854645069359,0.164074168210867,1
9.880030155181885,-2.909715254124678,3.446049627428212,1.456103259687667,-3.231267050712032,3.646526816729883,0.840762782076291,-0.317230044834653,-1.274939617202955,-0.011634941613693,5.337214114686970,-8.354050267514086,-6.599271274003929,2.411475111678053,0.159060836937707,1
9.889992952346802,-2.941921023926557,3.482312853457119,1.464477555300554,-3.234158422901746,3.633411689659211,0.840324330041985,-0.262824737995709,-1.357923903169364,-0.075894589604451,5.582233062512963,-8.304217603980705,-6.302627250348406,2.413035790724137,0.154290162084201,1
9.899996757507324,-2.974287896316175,3.518592327835508,1.472879359195940,-3.236504498836492,3.619412349364410,0.839254557728350,-0.205818109817948,-1.440715534703451,-0.137490294571399,5.811757760124627,-8.246087703892190,-6.012882461899695,2.414556224301816,0.149708557880912,1
9.910000562667847,-3.006673075983051,3.554725042082398,1.481266794772598,-3.238286350263135,3.604589314857606,0.837569911177920,-0.151804737266877,-1.522735286413414,-0.200167911904299,4.993651080956513,-8.144426123487158,-6.514054391443303,2.416019220322346,0.142797749460827,1
9.920002698898315,-3.039068877946935,3.590700257816152,1.489632965256754,-3.239567827715755,3.588953971385692,0.835234189427435,-0.105707985770742,-1.603494053543721,-0.267652470437336,4.234235781857175,-7.996903852663054,-6.972791406696494,2.417413226862216,0.135965234479028,1
9.935847282409668,-3.090409901842995,3.647360055109622,1.502828770221427,-3.240757972064682,3.562555362450192,0.830090226105888,-0.047369283455784,-1.727805054494128,-0.383320562245224,3.154006103446121,-7.677426184104986,-7.609186362026119,2.419482948567572,0.125320318946839,1
9.939997911453247,-3.103861457229729,3.662131926588925,1.506270773818935,-3.240928167090206,3.555318034185057,0.828433227332507,-0.034819215721094,-1.759466380800013,-0.415215068780378,2.894913616552133,-7.577673856380532,-7.758123091335278,2.419997389817455,0.122568111587340,1
9.950094461441040,-3.136586500160702,3.697939090380112,1.514612974936730,-3.241142441092322,3.537170791024954,0.823839492548453,-0.008617622541091,-1.834653713469815,-0.495262632409848,2.304294066593831,-7.309398927582148,-8.090555327870829,2.421201405230445,0.115935842786825,1
9.961635828018188,-3.173993737060948,3.738638832933409,1.524086128128463,-3.241102330102254,3.515517052425972,0.817577032203274,0.014397530027331,-1.917046912853131,-0.590590980119394,1.695512553923660,-6.961509978061069,-8.420034866567010,2.422496233796799,0.108464026322156,1
9.969991922378540,-3.201076808861791,3.767948061189307,1.530896629804584,-3.240927301028987,3.499258125705922,0.812345365444621,0.027113148314978,-1.973671092121892,-0.661865752748165,1.439935615515828,-6.439663015185465,-8.647240962382087,2.423384542574540,0.105732515370680,1
9.980021238327026,-3.233577943045872,3.802941266562004,1.539008760461754,-3.240583482263312,3.479158463878504,0.805267938033439,0.041401910760461,-2.032949194652682,-0.750015720261027,1.409445763532724,-5.391286891795942,-8.926274672647471,2.424452707879282,0.107284318314726,1
9.990060806274414,-3.266109678204718,3.837767194250179,1.547053988304304,-3.240097319335199,3.458493754467001,0.797283995012824,0.055394644278592,-2.082041314911016,-0.840889212297014,1.377876186441829,-4.397619641895167,-9.171068350072872,2.425537546368126,0.108826362083478,1
9.999991655349731,-3.298284412860319,3.872010446788592,1.554928912389882,-3.239479771246479,3.437615453542616,0.788477230739634,0.068918239039542,-2.121055603789569,-0.933030989617465,1.345383028058907,-3.468112062889462,-9.379631294083554,2.426625838275600,0.110340502739141,1
10.009997606277466,-3.330695587417894,3.906301152286781,1.562770281566765,-3.238723374365439,3.416233121878419,0.778668494667894,0.082210490165824,-2.151290776267950,-1.027797619662097,1.311157227155448,-2.583792178756191,-9.556432085513087,2.427737511809009,0.111854786820674,1
10.019986391067505,-3.363042952524837,3.940318261663450,1.570495548238456,-3.237837346699679,3.394628966880638,0.767922503534361,0.095130091786025,-2.172903184406995,-1.124001370273081,1.275307116517262,-1.751772267059865,-9.700022486290901,2.428862334880580,0.113355152707949,1
10.030005693435669,-3.395477293375565,3.974219142315183,1.578131187059278,-3.236820873846982,3.372784447619507,0.756172500506497,0.107719335125482,-2.186480642916697,-1.221769708901870,1.237485770711496,-0.966754230083621,-9.811518553159175,2.430005511340742,0.114848633636625,1
10.040049791336060,-3.427983369818668,4.007986096538647,1.585663145830010,-3.235677298339902,3.350786524550251,0.743404326350221,0.119834886257869,-2.192463839568603,-1.320671580220182,1.140348876161379,-0.238992548059409,-9.853780944704969,2.431163618890381,0.114876208088823,1
10.049995422363281,-3.460155802621451,4.041200955998087,1.592989317396271,-3.234432160312541,3.328981949347851,0.729783742709492,0.130269739448517,-2.191503509307752,-1.418451946128529,0.957969433148511,0.426181107717294,-9.804401528468741,2.432295541781550,0.112766811473638,1
10.060004234313965,-3.492523490174184,4.074412017016122,1.600221243745957,-3.233083340881048,3.307078635837198,0.715096207786093,0.138936480415360,-2.184036906213926,-1.516185006785303,0.773768706097991,1.059771450225949,-9.718130906505081,2.433413746183937,0.110671097292850,1
10.070010900497437,-3.524864945842946,4.107391787494131,1.607298610326073,-3.231657551751932,3.285289477274718,0.699441495005893,0.145759248638229,-2.170414053491745,-1.612843042375502,0.590238166581348,1.657373779090131,-9.597308107672649,2.434510696940203,0.108603590803065,1
10.080008983612061,-3.557171801417099,4.140134096154759,1.614210294649158,-3.230173593866360,3.263679275512480,0.682836860128736,0.150751085129503,-2.151003317899223,-1.708069184735650,0.408589542069346,2.219176984892914,-9.444051713596863,2.435586437829154,0.106564743530883,1
10.089997291564941,-3.589428189672219,4.172625821848669,1.620943914380572,-3.228650447362373,3.242313985003902,0.665307969303851,0.153937471236362,-2.126180840124351,-1.801507141771179,0.229996415387406,2.745321062931721,-9.260503950381123,2.436640781887957,0.104555457275914,1
10.099990367889404,-3.621683853466112,4.204920060568293,1.627500751069772,-3.227103618988307,3.221212800769426,0.646846854133900,0.155358781270263,-2.096261858462058,-1.893008798903071,0.055195893992746,3.237012618892922,-9.048347395622336,2.437675657617283,0.102572588145816,1
10.110027074813843,-3.654066202148564,4.237146118102763,1.633896183339008,-3.225510006618974,3.200321559988773,0.627367984184464,0.165268072838946,-2.067984218656509,-1.990622230812135,1.886269131597340,2.418928902709334,-10.355145350073476,2.438683331670586,0.098229375693940,1
10.120001316070557,-3.686222698373928,4.268957577823203,1.640051624077997,-3.223740883472783,3.179808062662635,0.606984695774038,0.192184301249240,-2.047301558282951,-2.099099775797135,3.473600952531776,1.753277871049940,-11.352510585523781,2.439641794662140,0.094018695067198,1
10.129996299743652,-3.718436770987564,4.300640726250157,1.646012212192177,-3.221622594778300,3.159421591327554,0.585421931213263,0.233925747264237,-2.032532008000640,-2.216408942479977,4.842531194665347,1.223518047796233,-12.075130746753070,2.440560982555328,0.089912758852898,1
10.140021324157715,-3.750724066474750,4.332215049503432,1.651768191462370,-3.219013484274641,3.139097639981976,0.562584405924264,0.288495034761907,-2.022407388870310,-2.340055781648264,6.010245969625903,0.815551908754726,-12.551025115261069,2.441442283253159,0.085909950424142,1
10.149995088577271,-3.782813596395167,4.363422457062319,1.657260669223309,-3.215820347807866,3.118962318616155,0.538616498107096,0.353447333253591,-2.015840176529682,-2.466671782897368,6.985028546525990,0.518299832321895,-12.805210006400149,2.442279728794768,0.082042817843182,1
10.160783052444458,-3.817485204607857,4.396953980413257,1.662925266585948,-3.211583036806155,3.097240037607159,0.511257584535837,0.433632700778249,-2.011500413632104,-2.605327976636058,7.848532216471301,0.303426099715052,-12.864580084724457,2.443142852884424,0.077988551386517,1
10.169993877410889,-3.847045567681083,4.425395356455677,1.667521948469326,-3.207248005488350,3.078724517286650,0.486717367845357,0.508190113571762,-2.009272071020914,-2.723061431987392,8.103696178171610,0.181836567031585,-12.535330474938810,2.443846444787991,0.075126538616847,1
10.180022239685059,-3.879183641368734,4.456170370754858,1.672264146693314,-3.201751131604798,3.058580941085802,0.458791728644172,0.587302067617077,-2.008047872741483,-2.844635784982168,7.672234186171925,0.068272856472815,-11.715691561301361,2.444589297667405,0.073020360893386,1
10.190110683441162,-3.911452384691241,4.486923789773701,1.676745809338568,-3.195443328869253,3.038325327023331,0.429511824555066,0.662489673120014,-2.007787582312839,-2.958817092042996,7.233052108627647,-0.011036081131613,-10.926594996803674,2.445315345822477,0.070923240551505,1
10.200028181076050,-3.943110208128829,4.516958349880924,1.680858331499264,-3.188524331635894,3.018411195140160,0.399641997383004,0.732067869598126,-2.008151136319011,-3.063470877668334,6.797483814316354,-0.057216793039968,-10.182859692886213,2.446008607298081,0.068882601508837,1
10.210056304931641,-3.975046433191110,4.547125652535389,1.684710185995215,-3.180848882934781,2.998270403699980,0.368422100582557,0.798012629285376,-2.008833975878939,-3.161938335500182,6.354450823726128,-0.074177580713920,-9.460660113140440,2.446689097391740,0.066840512491333,1
10.219992160797119,-4.006610477989764,4.576816865810254,1.688213181485277,-3.172613527538088,2.978307322130686,0.336549986157014,0.858962296657377,-2.009540574005872,-3.252496833871813,5.914031657901524,-0.063711008558011,-8.772287786510594,2.447343250420646,0.064838202859275,1
10.232946157455444,-4.047633589293479,4.615228518947228,1.692296785454777,-3.161006622384505,2.952272014889286,0.293706278608227,0.931849369053223,-2.010079712599807,-3.360514688688800,5.339495571629940,-0.012830853207619,-7.911806441327167,2.448166406272444,0.062259163087247,1
10.240998506546021,-4.073055701122144,4.638935385055504,1.694552125907060,-3.153335292416448,2.936091144451208,0.266398304481053,0.972913561349768,-2.008262538534391,-3.421296641923802,4.855410695141101,0.484279393452588,-7.176837489934182,2.448660000058500,0.060326051295674,1
10.250031232833862,-4.101499395511082,4.665375138102387,1.696818056673734,-3.144356249749627,2.917978029207061,0.235212245263751,1.014341356015723,-2.001344316074694,-3.482417422521446,4.319947637893375,1.042656410066730,-6.359650868288539,2.449195125864259,0.058161287833877,1
10.259996175765991,-4.132780928154104,4.694352761254407,1.698987970980848,-3.134043701981844,2.898096775692662,0.200209851374054,1.054524808364944,-1.988022820717190,-3.541402396096461,3.748589503079072,1.625313485716402,-5.483549957402079,2.449762915568967,0.055804315879271,1
10.272958755493164,-4.173316329256174,4.731753205263413,1.701283789374639,-3.120079610229771,2.872483615970260,0.153874565742155,1.098458556208829,-1.962311621415656,-3.605304765020289,3.035673936032905,2.332160074021281,-4.383374808611573,2.450466668083742,0.052787050494260,1
10.280006170272827,-4.195278858805004,4.751949563136225,1.702278490638239,-3.112265509154713,2.858714398304680,0.128360726582535,1.118532423462287,-1.944594373472887,-3.634148225709501,2.662429809797741,2.692763055045726,-3.803787346769339,2.450832996419326,0.051169689006068,1
10.290100336074829,-4.226641599845203,4.780711375253894,1.703388553233241,-3.100846449355634,2.839228215319467,0.091491821454771,1.142783899864983,-1.914917626420883,-3.668450795038669,2.145389879350708,3.180850881656396,-2.996187678438567,2.451338005732037,0.048881354302795,1
10.300235509872437,-4.258005017174660,4.809384960635337,1.704126847965640,-3.089164505544037,2.819994665721676,0.054177253605110,1.161982823844906,-1.880341663969681,-3.694818199794951,1.651101837227737,3.638704119157780,-2.218261210053285,2.451821850345735,0.046630417274620,1
10.310023307800293,-4.288185961152723,4.836897684382720,1.704479813527535,-3.077715905200084,2.801771631653234,0.017912344608895,1.176909350083741,-1.842435157928997,-3.714577165592021,1.398166466716781,4.101729104368424,-1.818288771649583,2.452271106832024,0.045170404506916,1
10.320109367370605,-4.319169358484751,4.865064853904218,1.704471236599115,-3.065778311497786,2.783404185565166,-0.019640318111386,1.189681498473325,-1.798788482164675,-3.730818774006952,1.133822861284369,4.547431382330701,-1.401457297399478,2.452719230882552,0.043689472040147,1
10.329993247985840,-4.349408493959456,4.892484617695275,1.704094752090028,-3.053970225558047,2.765856538952786,-0.056571689662128,1.199595976237528,-1.751817056704350,-3.742635196354679,0.872342195080895,4.953600514963671,-0.989413584276352,2.453143916231998,0.042261741783575,1
10.339995384216309,-4.379897481380813,4.920064926954518,1.703341465394768,-3.041931348441173,2.748587265816134,-0.094052115691205,1.206992099814278,-1.700335791170178,-3.750434564673542,0.606283913374708,5.334431432696068,-0.569593660051257,2.453559533713588,0.040840005631508,1
10.349995374679565,-4.410251992199865,4.947462752873762,1.702213534598240,-3.029837297157787,2.731858968087010,-0.131572515251857,1.211722799964842,-1.645221248442374,-3.754023724561430,0.340026249644655,5.685110266852393,-0.148106270380917,2.453960868631920,0.039442462507848,1
10.359989166259766,-4.440475315097330,4.974687067394697,1.700710909137085,-3.017713298598628,2.715704068482601,-0.169095184732070,1.213793761294256,-1.586768242393282,-3.753393921081284,0.074564815203959,6.006212607627415,0.274218488167982,2.454348220765898,0.038068917997575,1
10.370023250579834,-4.470694199265060,5.001857814873970,1.698825306622610,-3.005534644644734,2.700089736359794,-0.206736139352386,1.213251387486106,-1.524977886657204,-3.748519633881412,-0.166248303309930,6.316538760086021,0.695168376842203,2.454724734991113,0.037532731401745,1
10.379991292953491,-4.500592542203172,5.028697077248378,1.696578511998178,-2.993452652261530,2.685208165423329,-0.244059296826751,1.210627440914243,-1.460429351710107,-3.739538928312085,-0.361626667039819,6.629829479541788,1.106712507560323,2.455104554830272,0.038675854273262,1
10.389991283416748,-4.530467288403418,5.055477865951976,1.693951079314755,-2.981367548160561,2.670939905934736,-0.281393330302813,1.205998612469751,-1.392683548200320,-3.726409986216427,-0.565265366046446,6.914042917667065,1.518819643475088,2.455497037826465,0.039818197436379,1
10.400002002716064,-4.560252596005390,5.082147279145175,1.690947680668327,-2.969326443310937,2.657348965312214,-0.318614398547532,1.199293237527410,-1.322168753442882,-3.709146828888154,-0.775280356583260,7.168920638172307,1.929788037166993,2.455901351639626,0.040957226293040,1
10.415268898010254,-4.605445735587605,5.122566967223222,1.685652404574577,-2.951120002787858,2.638012592497487,-0.374992432152144,1.184957071630446,-1.210095576836745,-3.674928400640307,-1.104220180005306,7.501837365532085,2.551780791336220,2.456539848244778,0.042685614385915,1
10.419988632202148,-4.619360357110636,5.135003711719715,1.683841747903220,-2.945540282870364,2.632385436395822,-0.392307113551086,1.179502480751600,-1.174476904514984,-3.662434799141226,-1.207381481471587,7.591394441241550,2.742549241013638,2.456742559018114,0.043217790724839,1
10.432397603988647,-4.655820379348170,5.167580294542451,1.678692661880114,-2.931004100155129,2.618401673912649,-0.437529341058560,1.162828173080967,-1.078955141952881,-3.625310699179295,-1.480456951235366,7.797453243492431,3.239912164655312,2.457287495830137,0.044612227439919,1
10.440126180648804,-4.678438946385170,5.187785802288511,1.675203047320526,-2.922057830707034,2.610289990859367,-0.465453694417051,1.152889159313297,-1.021189606757062,-3.601209065670369,-1.017657402333761,7.049883065086441,2.925452267631267,2.457618517710659,0.040433198308014,1
10.449992895126343,-4.707214074768865,5.213492166954271,1.670435705585026,-2.910721337713979,2.600540185394838,-0.500850961623083,1.146105224114539,-0.956819111163855,-3.574612445998968,-0.368308923525995,6.012169761523779,2.478703947301673,2.457987192723290,0.034325028220118,1
10.459991931915283,-4.736261226147339,5.239448192600471,1.665249378613651,-2.899269652364019,2.591256999484674,-0.536476302619359,1.145440635065242,-0.901609049250903,-3.551767466312716,0.224689725942849,5.044741353041076,2.103389653069124,2.458300154404622,0.028301238325753,1
10.470009326934814,-4.765247511900585,5.265362022843252,1.659697279309943,-2.887774631869395,2.582462955838701,-0.571956417660828,1.150403403475393,-0.855585829583050,-3.532268697278361,0.755841138792275,4.157003852677027,1.801541188137075,2.458554138229867,0.022434116844832,1
10.480023145675659,-4.794108708929610,5.291181329492272,1.653792710931154,-2.876208138034906,2.574089463605758,-0.607243420825109,1.160378619349214,-0.818072759034764,-3.515443637605494,1.226530063683144,3.347622523443886,1.570050478417463,2.458750133140374,0.016736893995145,1
10.490000963211060,-4.822747640380308,5.316823701531733,1.647559312216003,-2.864562534484491,2.566081448117628,-0.642243049720941,1.174716137407680,-0.788385108788608,-3.500653140034851,1.638167050103975,2.615464152022964,1.405435391167022,2.458889500609839,0.011227682516606,1
10.500004053115845,-4.851341015535072,5.342451579284207,1.640960470187438,-2.852724445736255,2.558315215791078,-0.677189553497337,1.192935972295555,-0.765597672433653,-3.487159307162500,1.995996057722672,1.952525238034516,1.302791297562273,2.458974879468018,0.005871954551773,1
10.510030269622803,-4.879885492189642,5.368066091957046,1.633995120288177,-2.840674286848085,2.550740906309264,-0.712077295371241,1.209369863922845,-0.744722116177253,-3.470176507499913,1.283655368037390,2.211630782617137,2.081645884403867,2.459032481264423,0.005635367565697,1
10.520035982131958,-4.908245716357899,5.393549354048356,1.626697485669091,-2.828521842657794,2.543404843123379,-0.746679614174491,1.218763246243273,-0.721344825212716,-3.445584575601844,0.598944936927645,2.459219067537465,2.828922794654574,2.459087843301319,0.005435011565972,1
10.530031681060791,-4.936453111034438,5.418932613184199,1.619063574374856,-2.816322596261090,2.536322461689738,-0.780961585811815,1.221452841279348,-0.695588480890724,-3.413715307436725,-0.055835879190392,2.692829145228274,3.543450255350160,2.459141248252759,0.005255853561171,1
10.540960073471069,-4.967164115007780,5.446615028811324,1.610324126716151,-2.802988562663316,2.528885024902588,-0.818048622147211,1.217079766755166,-0.664829620690499,-3.370875620690253,-0.738483217129850,2.932450011705465,4.288834864486639,2.459197735015546,0.005083913264950,1
10.550002813339233,-4.992458495567468,5.469453857408777,1.602790261611574,-2.792021589630189,2.522996214701998,-0.848343940283485,1.207951336157595,-0.637467501171332,-3.329417588366650,-1.276682699065888,3.118000442209614,4.877262282829822,2.459243132425736,0.004960637725845,1
10.559994220733643,-5.020297977108767,5.494633848530297,1.594147713085751,-2.780024311363628,2.516785174397929,-0.881359512246826,1.192337253566157,-0.605341416412378,-3.277552811987912,-1.843561821460956,3.309613759446663,5.498281237981923,2.459292103691133,0.004844362448229,1
10.572951555252075,-5.056218344605548,5.527193286657175,1.582455228935233,-2.764749944701210,2.509226637619381,-0.923342435334807,1.164009353450837,-0.560757305688449,-3.201366833850335,-2.495440595075558,3.624745652685473,6.244483843489100,2.459352773552741,0.004170405813112,1
10.579990625381470,-5.075653554196405,5.544844620141084,1.575875911824436,-2.756619583841265,2.505370724605454,-0.945722301880673,1.145400852051114,-0.534388959596790,-3.156094301179281,-2.788282078218701,3.863273644076866,6.614373911985691,2.459379051424193,0.003302315634074,1
10.589995861053467,-5.103175371215634,5.569883567172850,1.566257591430266,-2.745306547556086,2.500223056013564,-0.976958040671989,1.115536949056086,-0.494164519683947,-3.087398745758751,-3.176403890503951,4.172191119590818,7.113372412158999,2.459406227620634,0.002145497548520,1
10.600125789642334,-5.130925853660083,5.595183649208679,1.556204883316961,-2.734176548182218,2.495436602668678,-1.007857083752287,1.081509898298143,-0.450467315333581,-3.012920367932704,-3.537044802269537,4.450267430687528,7.587491760133284,2.459422414981131,0.001066156962118,1
10.609996080398560,-5.157864765740610,5.619796678051373,1.546110027466165,-2.723677867232665,2.491210560788226,-1.037222944590773,1.044982565808994,-0.405331390998691,-2.935859051821918,-3.858520271839761,4.689022351952286,8.020299158623871,2.459428114405252,0.000103173550515,1
10.620120048522949,-5.185385027903924,5.644996476686053,1.535460674311810,-2.713301968234351,2.487351244028696,-1.066525900154931,1.004376709148357,-0.356756868249581,-2.852542072989396,-4.158716014938993,4.902129325353661,8.434975016280523,2.459424543860110,-0.000793182205852,1
10.629998683929443,-5.212137197762641,5.669548539158367,1.524788342876982,-2.703588587519556,2.484069548576919,-1.094284009617963,0.961966852579701,-0.307432541011783,-2.767342372786285,-4.424060867333249,5.080350675556610,8.811902998051098,2.459412757166366,-0.001578755425421,1
10.640001535415649,-5.239137268847184,5.694385341025304,1.513703817128245,-2.694189900407724,2.481250728957550,-1.121522258208272,0.916672836082491,-0.255852150243050,-2.677377839362189,-4.607106338496244,5.224348815119792,9.170236747523905,2.459410008704235,0.002754425734597,1
10.650011301040649,-5.266059690952411,5.719209549148251,1.502345332582474,-2.685247609289549,2.478953557115413,-1.147856440082896,0.869849875387648,-0.202945894787373,-2.583883737938305,-4.746912753183451,5.343655577914817,9.506970927796941,2.459472171293214,0.009654575541403,1
10.660007238388062,-5.292858596364091,5.743979768471588,1.490743938185933,-2.676791998141208,2.477193636044412,-1.173204501643033,0.821743637465871,-0.149014362389493,-2.487266594781595,-4.876589646371997,5.443908977022129,9.820557727944468,2.459602826332104,0.016475401297194,1
10.669995784759521,-5.319556315614112,5.768717396456761,1.478902609990747,-2.668829091812324,2.475978182258228,-1.197554413553279,0.772426529436760,-0.094213532536275,-2.387699225288596,-4.996254652510101,5.525484794143823,10.111578500562741,2.459801146408278,0.023221513202804,1
10.679996728897095,-5.346209335303540,5.793475728419084,1.466808224932997,-2.661355830334079,2.475313415798130,-1.220923404894231,0.721901495671575,-0.038621689864951,-2.285208916974996,-5.106145561585988,5.588794443526041,10.380896546754428,2.460066866881805,0.029905901393038,1
10.689998149871826,-5.372792691384754,5.818232562544866,1.454484111709386,-2.654392558033346,2.475207500206802,-1.243256370925652,0.670322019729880,0.017517962555332,-2.180124045407822,-5.206144337828833,5.634013766592468,10.628492758330765,2.460399122452475,0.036520938688400,1
10.699994564056396,-5.399293846043176,5.842976986289009,1.441949158715700,-2.647953550643244,2.475664628012332,-1.264514402655835,0.617822053702145,0.073988231476043,-2.072732225314678,-5.296226604689080,5.661423219504662,10.854551568236486,2.460796944510675,0.043062259954278,1
10.711612701416016,-5.430015950537339,5.871744303576876,1.427121733471105,-2.641139787603570,2.476907559637286,-1.287858890041433,0.554665320178590,0.140087826674980,-1.945922482688178,-5.571031003405150,5.711822162744227,10.970431988276403,2.461336110716856,0.049730640792802,1
10.720953464508057,-5.454664034789194,5.894888579940347,1.415008128200673,-2.636204426248571,2.478465623370866,-1.305556454233987,0.501725077767933,0.193519068732233,-1.843087736016281,-5.758539261620416,5.723849565170587,11.044348719356156,2.461825395677060,0.055017824184149,1
10.734169483184814,-5.489461955956503,5.927662537714493,1.397597484278188,-2.630083279694020,2.481522615407156,-1.328947303622083,0.424142375848259,0.269054505153252,-1.696575240737598,-5.972715657091468,5.699406000719084,11.123067978278360,2.462601405985275,0.062399951191029,1
10.740028142929077,-5.504865520209331,5.942207518811404,1.389781933185257,-2.627701054168507,2.483196809922664,-1.338697079670504,0.388915540152016,0.302378966324676,-1.631323338493847,-6.049587167018360,5.673890042327209,11.148648410202176,2.462976522748509,0.065636139434782,1
10.749945640563965,-5.530906349866651,5.966849222350084,1.376427641955645,-2.624143513222247,2.486473586995452,-1.354326159413011,0.328370471865986,0.358356651483528,-1.520596571087203,-6.155870145396294,5.611364765881389,11.179419148729272,2.463654395057258,0.071061937686716,1
10.760946989059448,-5.559755717475679,5.994225523379010,1.361439344791214,-2.620905521921990,2.490753561396631,-1.370377162066839,0.260153105557739,0.419582405566897,-1.397506252665357,-6.240704367991547,5.515162011914789,11.195827531943142,2.464468900930770,0.077005035352083,1
10.770203590393066,-5.584007324944811,6.017301327513559,1.348695258034459,-2.618765450280099,2.494872560657453,-1.382834225783516,0.202105478227180,0.470154825645920,-1.293845553847689,-6.313794993932236,5.398860483683857,11.202003332351120,2.465204991930743,0.082142397437025,1
10.779995441436768,-5.609641189647001,6.041754125957832,1.335094477308342,-2.617090989881618,2.499732561796668,-1.394966192963990,0.139719638053161,0.522249890780899,-1.184115148668079,-6.427674500779450,5.240963520586856,11.209027169691195,2.466037369867590,0.087860623856287,1
10.789993762969971,-5.635801798610772,6.066774225803777,1.321089838145953,-2.616017163330188,2.505213405154048,-1.406245095439218,0.074898709990774,0.573826973534456,-1.072048327960181,-6.537479270095310,5.075435067979006,11.206449564464469,2.466944724362618,0.093628855307887,1
10.800716876983643,-5.663841337906846,6.093662956899068,1.305956247142136,-2.615592022296670,2.511652699035274,-1.417093309382469,0.004227487685921,0.627259362034116,-0.951984130740349,-6.646364129792048,4.892808078320300,11.192640767877613,2.467981177602150,0.099733964536347,1
10.810011863708496,-5.688162048582396,6.117044284890095,1.292740338761786,-2.615841285962922,2.517694180399768,-1.425461388914721,-0.057976655326812,0.671998819191685,-0.848006280123996,-6.732201125225193,4.729837826857154,11.171342856149462,2.468932871004775,0.104963131874519,1
10.821275472640991,-5.717633020447953,6.145448156342207,1.276632339070168,-2.616923477589668,2.525559599920079,-1.434305593121944,-0.134340797423140,0.724138056897656,-0.722367598280240,-6.824048323043582,4.526468777903192,11.133888806918613,2.470150508991842,0.111215488169302,1
10.830039262771606,-5.740564999421459,6.167602094228451,1.264040357369105,-2.618363081425330,2.532075182521449,-1.440207231883201,-0.194399503228459,0.763082870478971,-0.624987728827745,-6.885360363365652,4.363651845773686,11.095914999003554,2.471145899660961,0.116015614347526,1
10.839996576309204,-5.766655132779017,6.192860566375340,1.249666465931283,-2.620642457449402,2.539888687241656,-1.445882866665212,-0.263575855541217,0.805468415400156,-0.514830284365737,-7.044291811602890,4.127043293204126,11.006726126162537,2.472326997623371,0.120943324854055,1
10.850033998489380,-5.792972850181204,6.218394545734992,1.235130136237559,-2.623646260557608,2.548176375304155,-1.450497851327589,-0.335303167208439,0.845504131495123,-0.404979269580078,-7.241455640284453,3.849813315706871,10.881130155220719,2.473563856822598,0.125506962377010,1
10.862023591995239,-5.824450483894175,6.249003117096612,1.217716037338378,-2.628190796024384,2.558580595997394,-1.454574572341585,-0.423262334814432,0.889640586161402,-0.275494394111100,-7.424148254170593,3.512847534128808,10.719867009404744,2.475100640915781,0.130871137905127,1
10.881051063537598,-5.874551062486579,6.297858729414100,1.189997349394677,-2.637602796922333,2.576114105615853,-1.457892647606750,-0.566466119646382,0.951320791415010,-0.074106113041367,-7.604294284411232,2.967653792488746,10.440532697596176,2.477670726642113,0.139193474899256,1
10.885148763656616,-5.885362752015881,6.308421662808937,1.184023535181747,-2.639987628810887,2.580036456956095,-1.458108820265099,-0.597670091995520,0.963236987375098,-0.031458886399123,-7.626532105922415,2.849001996566133,10.376893151211281,2.478244644285507,0.140954250111450,1
10.890111207962036,-5.898471688254782,6.321237483868915,1.176787227324424,-2.643047678074105,2.584851188111447,-1.458137479631239,-0.635569839877988,0.977018117913962,0.019843883493413,-7.646020431971982,2.704822474798982,10.298242300564249,2.478949417622755,0.143072236326811,1
10.899996995925903,-5.924631322601227,6.346837702759376,1.162375705806303,-2.649704441222974,2.594636781528620,-1.457440753322592,-0.711254366203232,1.002331759228352,0.120851815044063,-7.661401114004580,2.416406473294001,10.136651860830234,2.480384398864834,0.147243064546046,1
10.910058021545410,-5.951326734397576,6.372992917392643,1.147720534720410,-2.657249043599953,2.604838676505974,-1.455714453820666,-0.788672268177150,1.025264474018550,0.222069635000027,-7.728908783818099,2.143593020431539,9.984780011378700,2.481886707328532,0.151389618950931,1
10.920029640197754,-5.977865568781511,6.399019938014150,1.133216696629719,-2.665498796606854,2.615164796024080,-1.453006067497093,-0.865954431665847,1.045285912793021,0.320862331118217,-7.764511064025489,1.871316759067141,9.827719026962024,2.483416587275009,0.155431789426186,1
10.930000543594360,-6.004487329137118,6.425147751989583,1.118746480372905,-2.674519246748946,2.625675711847252,-1.449320948712870,-0.943398725459279,1.062574129693021,0.418038351426513,-7.763658194831156,1.595961916959493,9.662955361008164,2.484986263569893,0.159408801547556,1
10.939999580383301,-6.031279038844069,6.451455981402898,1.104276823275682,-2.684340228919603,2.636375836919350,-1.444660635447514,-1.020881307698895,1.077141848140242,0.513804401102710,-7.728427111211799,1.317460929411442,9.490474737289443,2.486599905726114,0.163332182533069,1
10.950004577636719,-6.058186953086032,6.477885771280108,1.089850976396388,-2.694939431666637,2.647213387052133,-1.439048280396411,-1.097888773305865,1.088921460907371,0.607860386928860,-7.660905983969176,1.037186312028943,9.311135187248833,2.488253330627392,0.167192530540182,1
10.960030794143677,-6.085265400807727,6.504484101442001,1.075453851122944,-2.706331480648217,2.658179347449304,-1.432488329996980,-1.174237639179886,1.097908853709390,0.700294834987728,-7.562980961292642,0.755370831108216,9.125087408734283,2.489948882932122,0.170996199169040,1
10.969944715499878,-6.112152742916507,6.530889239160795,1.061289182603838,-2.718341618084667,2.669095709982134,-1.425100863092364,-1.248608918192258,1.104039442456627,0.789839819213131,-7.432225968453397,0.499849398312164,8.955982857591202,2.491661770264971,0.174118496306080,1
10.980048656463623,-6.139685014047084,6.557915336739084,1.046931224761278,-2.731334626845976,2.680273986108073,-1.416664481729933,-1.322853457238417,1.108225619544309,0.879830578606112,-7.262544452165021,0.329318747110277,8.855174305723660,2.493426119609480,0.175100453042687,1
10.989993095397949,-6.166912543152842,6.584623360509228,1.032888578109890,-2.744845629582213,2.691307962131596,-1.407479146343330,-1.394226178614831,1.110679840807364,0.967370644460236,-7.091390748758474,0.164811231107865,8.750121423935033,2.495172051479724,0.176041028722404,1
11.000002622604370,-6.194456198816412,6.611615808427462,1.018851295449570,-2.759152441237179,2.702430077823682,-1.397360475731285,-1.464322270738396,1.111513878400264,1.054395732138670,-6.914733142194257,0.002354579383374,8.638614308611588,2.496938642884284,0.176961860885738,1
11.010001182556152,-6.222119412230326,6.638693064901759,1.004933180822535,-2.774136925555613,2.713541596250961,-1.386387614160248,-1.532561509065948,1.110738301897410,1.140192844307020,-6.733647010649200,-0.157012144724780,8.521519470518365,2.498712582343518,0.177855893166331,1
11.019999742507935,-6.249935836989593,6.665881360649418,0.991129053526518,-2.789794605026482,2.724637439365234,-1.374562811488550,-1.598966304130204,1.108383090212705,1.224791026404411,-6.547780601540366,-0.313632576418837,8.398820507710802,2.500495331837420,0.178724037554162,1
11.030066490173340,-6.278099443441630,6.693363090685027,0.977356457679943,-2.806217959217757,2.735775677307690,-1.361810988623603,-1.663912365873072,1.104443575968091,1.308686802867527,-6.355681936176998,-0.468699666881436,8.269737205338746,2.502298620040186,0.179571830264125,1
11.041268110275269,-6.309639485546589,6.724077391033429,0.962186003618146,-2.825244448486350,2.748119098886520,-1.346634773475222,-1.731533772680271,1.100065686079093,1.400894883838814,-5.547461208678834,-0.182368084277516,8.221930042715606,2.504321104541491,0.181960430527804,1
11.050009965896606,-6.334402090390734,6.748141101660468,0.950469314366875,-2.840581890562058,2.757732271252486,-1.334075418946789,-1.776585575491346,1.099933295682457,1.472699908446867,-4.768413973973664,0.143957172021495,8.205162081780975,2.505921636563670,0.184233665740765,1
11.060028553009033,-6.362954719984783,6.775828882820508,0.937177159756798,-2.858608446873788,2.768766385118822,-1.318907548853058,-1.820127228083670,1.103007648016354,1.554755977237766,-3.932507899179327,0.459505551063496,8.170579843144280,2.507780333665021,0.186746564147897,1
11.069999456405640,-6.391550095083187,6.803492227553899,0.924104472787627,-2.876940074272285,2.779792200392713,-1.302999058522210,-1.855435874803535,1.108908203757796,1.635990889160373,-3.158997390577043,0.714419805599912,8.120478052978044,2.509654512789808,0.189148728452445,1
11.081109285354614,-6.423625516554285,6.834441858538464,0.909732110538639,-2.897730529496748,2.792160108190085,-1.284324983619715,-1.886045167563378,1.118119446318065,1.725810859539728,-2.362972190792441,0.932671797724465,8.046984131203066,2.511770122861604,0.191709219432559,1
11.090084075927734,-6.449708265110649,6.859546057879159,0.898276034548270,-2.914744430930609,2.802234421545037,-1.268513046845231,-1.904552693871713,1.127097290971325,1.797714387572458,-1.768440752935506,1.061076855434756,7.974558257416441,2.513499615138808,0.193688681020213,1
11.099992275238037,-6.478683281479382,6.887367997979517,0.885796290458449,-2.933692687282691,2.813456300263142,-1.250310064918234,-1.919021967732508,1.138120277574935,1.876282239827059,-1.160370991827795,1.155836589090402,7.881611446110902,2.515429262869122,0.195781628301445,1
11.109995841979980,-6.508124749012625,6.915567717143762,0.873384802522780,-2.952936829531744,2.824899475528725,-1.231149354229001,-1.927769703354118,1.149933335658629,1.954585398780755,-0.596728780570644,1.198485731314406,7.772414636178368,2.517393546313670,0.196945197568930,1
11.120003461837769,-6.537772522586661,6.943895345967225,0.861163388268016,-2.972249820150795,2.836467463360709,-1.211201859245228,-1.931117700834601,1.161955105190485,2.031767836684794,-0.080073105776409,1.196962097056460,7.650648442777718,2.519369915190487,0.198023429077369,1
11.130033969879150,-6.567684977046245,6.972407245654585,0.849117057326910,-2.991617209760498,2.848182963110610,-1.190438016365532,-1.929513515210149,1.173779530804855,2.107850651591995,0.392531672239168,1.153848738280523,7.516595828913321,2.521361411226363,0.199022367712267,1
11.140018701553345,-6.597652287923522,7.000904968574678,0.837336886556161,-3.010856499541286,2.859959435172510,-1.169018849949721,-1.923425093826269,1.184924340077693,2.182189876482749,0.820016355238824,1.072255959297485,7.371782065621256,2.523353269021767,0.199935307226406,1
11.150690555572510,-6.629893771997631,7.031494409052263,0.824986763129997,-3.031328739238670,2.872663897580827,-1.145313626203229,-1.912435847233519,1.195725438062988,2.259983278141115,1.231854726920352,0.945330073831310,7.205060196188971,2.525491807256845,0.200821291728566,1
11.160002946853638,-6.658203984216712,7.058296373942784,0.814420648679603,-3.049078980805819,2.883837426530410,-1.123958683005224,-1.899434772105494,1.203889249829617,2.326360984504085,1.555024557596574,0.803429500679593,7.050000951638538,2.527365139253334,0.201518571283797,1
11.172982692718506,-6.697938923046605,7.095828840970302,0.800030724371072,-3.073592360488401,2.899522868782403,-1.093176944586065,-1.877679773277698,1.211992914985738,2.416013398153387,1.608043407913762,0.303599771613243,6.698867026038265,2.530004454856380,0.208196879329600,1
11.180031299591064,-6.719650756299744,7.116297250278945,0.792385497674857,-3.086789402518579,2.908070044317929,-1.075982602533656,-1.866989307137166,1.212639187270826,2.462304122552217,1.425833832231447,-0.118390194866473,6.435780979642517,2.531496758360126,0.215207254013571,1
11.190011978149414,-6.750549551307611,7.145380027978701,0.781770903994790,-3.105355084045869,2.920156545533179,-1.051094535126816,-1.854019423306587,1.208551622498076,2.524689676115737,1.174799875636534,-0.697133796394185,6.067120855952898,2.533693481243265,0.224991869973021,1
11.200001716613770,-6.781665051783420,7.174613190682681,0.771397223876619,-3.123822577835792,2.932186081576327,-1.025575662465644,-1.843499699294308,1.198783382618664,2.583476517579501,0.932875427724906,-1.254856146609653,5.702491247861077,2.535989435531055,0.234621154034139,1
11.210060119628906,-6.813180323180624,7.204168109236297,0.761212732823093,-3.142322899568612,2.944171817749255,-0.999306426265755,-1.835296639256891,1.183426644022380,2.639009067906979,0.700031144752443,-1.794958032975520,5.339732599277839,2.538397524107106,0.244149443926642,1
11.219991683959961,-6.844478159573073,7.233465686309457,0.751419296628287,-3.160518942420688,2.955827785054735,-0.972840069997411,-1.829437815004041,1.163038468169894,2.690278798133571,0.481869549299988,-2.307469426230022,4.985815953426466,2.540868284220994,0.253392334930435,1
11.230066061019897,-6.876411183668168,7.263302415358983,0.741755895756063,-3.178928516714158,2.967419045277373,-0.945490193123024,-1.825644031365932,1.137260202816586,2.738717199775972,0.273549541451292,-2.806679034868104,4.631051546495459,2.543467582644493,0.262601287685993,1
11.240154743194580,-6.908574485347940,7.293296429455561,0.732357520590445,-3.197332571949161,2.978742210323704,-0.917629186293938,-1.822421093556187,1.106962571436784,2.784513205910292,0.506767374664951,-3.153602330185123,4.530556298531351,2.546167494965272,0.273080226570103,1
11.250074625015259,-6.940381980452093,7.322899853509857,0.723392276834565,-3.215379395894043,2.989563744464176,-0.889783291719134,-1.815328025275468,1.074318251865070,2.829532003416721,0.917684499790390,-3.427970546861128,4.543630515415876,2.548929670005074,0.283742121292348,1
11.260129690170288,-6.972804426408817,7.353013828245382,0.714589256877919,-3.233579652590945,3.000188099613231,-0.861102408173121,-1.804147142545143,1.038449363587920,2.875232514286409,1.300765165439844,-3.706537829324787,4.544337517135997,2.551835484202049,0.294175358333704,1
11.270069122314453,-7.005033262424297,7.382884671825589,0.706173156745464,-3.251441756381209,3.010322075730574,-0.832299895850936,-1.789467898510565,1.000240776816975,2.920353769034757,1.647864644045216,-3.981644024022431,4.532921748735807,2.554809141087852,0.304118860659533,1
11.280022621154785,-7.037485622570222,7.412897511465867,0.698034076279590,-3.269166651384464,3.020076426408450,-0.803007242982596,-1.771460523294815,0.959241093299093,2.965367434749497,1.965465950363307,-4.256186441420566,4.509714664641170,2.557884291337324,0.313708265588159,1
11.289995431900024,-7.070175374068715,7.443062426511841,0.690174228781815,-3.286730019355797,3.029426344003545,-0.773211180404331,-1.750392825779449,0.915431009809151,3.010176962309273,2.254997019966605,-4.529596162778161,4.474941095370191,2.561059139715956,0.322946095782435,1
11.300117015838623,-7.103531547063225,7.473771116145900,0.682503069392742,-3.304326600864858,3.038455226292228,-0.742514950681342,-1.726199720325093,0.868189671133004,3.055243396258486,2.518270221730424,-4.806530973107469,4.430402528115536,2.564373718159599,0.331842017202173,1
11.310023069381714,-7.136320962237868,7.503886589197408,0.675304252553565,-3.321291123485189,3.046804245290208,-0.712053574744880,-1.702012915844958,0.818016311958169,3.100427265087164,2.370944016239776,-5.324825232463474,4.692827658955878,2.567626018014899,0.325347710484619,1
11.319991827011108,-7.169542148217156,7.534324678714145,0.668355119976452,-3.338156599051314,3.054692510489500,-0.680882855822293,-1.679051726186732,0.762458506777361,3.148394947850769,2.233718803149871,-5.805335281845238,4.915900316097132,2.570839574130505,0.318846036444523,1
11.330107688903809,-7.203396008863192,7.565263516384740,0.661629348346840,-3.355029591172184,3.062100627689487,-0.648779273823560,-1.657110914910724,0.701443898846462,3.199093809734889,2.106114686145341,-6.250964020530746,5.100949508296641,2.574031827194096,0.312299784221457,1
11.340040445327759,-7.236802910187962,7.595712912136151,0.655343684957811,-3.371387687259296,3.068752986400096,-0.616748546999833,-1.636766526525398,0.637343597352646,3.250501870387978,1.992062490784234,-6.649192321616633,5.243696335185691,2.577102161366609,0.305916788549477,1
11.352951526641846,-7.280467698544742,7.635385258110623,0.647653474503197,-3.392358251348491,3.076414459602073,-0.574339169776147,-1.611916663486855,0.548447173716646,3.319110459131699,1.860356331885975,-7.110756333478813,5.373707148310737,2.580998737546710,0.297686432954187,1
11.360078334808350,-7.304683586490612,7.657322300754969,0.643645148033490,-3.403798624768358,3.080140344142615,-0.550549212042196,-1.598893189768882,0.496948302988220,3.357579272037616,1.795610482322147,-7.339322990808959,5.419525019738034,2.583104064468588,0.293175941981924,1
11.370070219039917,-7.338772653063008,7.688121544901757,0.638312756385365,-3.419686154450885,3.084733762117673,-0.516730650547407,-1.581535549179342,0.421610068925185,3.411552068420094,1.613784159407348,-7.945095336871687,5.227964513730579,2.586005227332167,0.288866793701251,1
11.379999160766602,-7.372805045183594,7.718769860864103,0.633351041356183,-3.435315904756296,3.088509115836131,-0.482609635176427,-1.567294851031459,0.336955015005017,3.460261909119165,1.260552714513515,-9.087988016191037,4.585796257928867,2.588871605220092,0.288485696882506,1
11.389996051788330,-7.407225643816579,7.749660629291127,0.628700088043009,-3.450926477472600,3.091405728185570,-0.447799219850614,-1.556325032900892,0.240815286321607,3.502932646872163,0.939799374357856,-10.127791214889587,3.953397450559172,2.591753345298024,0.288029422160055,1
11.399993658065796,-7.441804282883933,7.780577594686503,0.624398863058152,-3.466443957382996,3.093291174572899,-0.412591058237727,-1.548392686785331,0.134809205295776,3.539355987916144,0.652504320351671,-11.061135370109294,3.335456636328928,2.594630365668275,0.287500281286172,1
11.409994363784790,-7.476546841317091,7.811516075646342,0.620450364563175,-3.481899998816111,3.094071937912481,-0.377040025575511,-1.543170438580741,0.019953884573836,3.569682265449401,0.397132226384514,-11.892794587241998,2.732149022267095,2.597502484223549,0.286898136832517,1
11.421916007995605,-7.518168052787244,7.848401971135800,0.616209661436763,-3.500276160061308,3.093443346978518,-0.334304371763584,-1.540055366694698,-0.127121116293941,3.598063737020937,0.132469295627698,-12.757389146270588,2.032599366000126,2.600918174531509,0.286085041210592,1
11.429996013641357,-7.546500568230301,7.873391727955654,0.613626101193272,-3.512717238743391,3.091994043274712,-0.305170697301986,-1.539627358023505,-0.232305381159578,3.612614991477745,-0.023450087311232,-13.268472105958768,1.570874523407434,2.603227311125160,0.285475094039040,1
11.440012454986572,-7.581761057088999,7.904347130866006,0.610750969192105,-3.528141593920471,3.088991513381703,-0.268917822947514,-1.540457748864563,-0.368316555609993,3.625384921206991,-0.111248687425285,-13.901459038833247,0.966089399739520,2.606118517533409,0.295419254434200,1
11.450003623962402,-7.617090757214689,7.935191254307354,0.608245083620971,-3.543539748893977,3.084607498164351,-0.232655395735038,-1.541719704978328,-0.510145515955508,3.631974859025814,-0.138335308472136,-14.470141625626797,0.355768921400099,2.609145101533984,0.310300422222192,1
11.460007190704346,-7.652612564177318,7.966017434612847,0.606099649741239,-3.558968126276683,3.078772598931844,-0.196318334030843,-1.543165731684458,-0.657311031219355,3.632548932687091,-0.147988085377521,-14.939059481330668,-0.238079122736189,2.612321198280492,0.324664008987472,1
11.469995737075806,-7.688241897287519,7.996737538368630,0.604319710287854,-3.574390920280656,3.071454401273722,-0.160052509577831,-1.544624310102647,-0.808489924026972,3.627281750423844,-0.141439732772495,-15.313348651438210,-0.813475977408071,2.615633859940560,0.338475968933501,1
11.480005025863647,-7.724094694149897,8.027436080081037,0.602899299187416,-3.589857559183547,3.062590214476816,-0.123797872245555,-1.545944021002744,-0.963264892765553,3.616330576217538,-0.119863748221568,-15.600171953611170,-1.371746198898177,2.619088630045451,0.351780638169534,1
11.490002393722534,-7.760061955474502,8.058003903384961,0.601842095641062,-3.605318754978931,3.052176502866942,-0.087720834195415,-1.546976510453802,-1.120316205180002,3.599906589716749,-0.084473307697599,-15.804378122341236,-1.910683523585388,2.622669804229381,0.364536801120029,1
11.499991655349731,-7.796155349272253,8.088435815305976,0.601145074279462,-3.620776112070851,3.040193810707245,-0.051862766240369,-1.547590449042075,-1.278896123694637,3.578208946609042,-0.036416747603185,-15.931891735424060,-2.430084541324919,2.626372879350102,0.376750242985527,1
11.510036945343018,-7.832600845453579,8.118904618045340,0.600804226475643,-3.636320815551418,3.026544522314040,-0.016051244335088,-1.547567849546513,-1.438971539983253,3.552078615824099,0.042823426212970,-15.929382661247836,-2.771912992969202,2.630128458731712,0.371000659174826,1
11.519987106323242,-7.868860292047877,8.148946094906249,0.600819887712882,-3.651716189157300,3.011438560223887,0.019150599301410,-1.546708307060764,-1.597154755562572,3.522830716022276,0.131493239412933,-15.853461482203487,-3.106009586414713,2.633791382883699,0.365235479490257,1
11.529993057250977,-7.905473963613192,8.178993664783263,0.601187287660453,-3.667183190074338,2.994667258114799,0.054236352924424,-1.544909949920103,-1.755113146796779,3.490097572443271,0.229321639933808,-15.711302872621838,-3.436051508302369,2.637416638163255,0.359435687357407,1
11.539954662322998,-7.942088629666424,8.208741370344168,0.601900326224247,-3.682562832307128,2.976403404012122,0.088834086587147,-1.542109030829126,-1.910702369148526,3.454256314865390,0.334013571149735,-15.511372198744162,-3.757029040689420,2.640969095679957,0.353657250405561,1
11.552723407745361,-7.989234156959025,8.246583784010111,0.603314816783715,-3.702221847980748,2.950751093887997,0.132621792748246,-1.536942109512178,-2.106728286734610,3.403729977352091,0.476747009682174,-15.180857291783463,-4.154503831939999,2.645437389969088,0.346248037955510,1
11.560007333755493,-8.016240721241971,8.268019275723548,0.604370808898767,-3.713403062432181,2.935005562393753,0.157301348750075,-1.533161905529042,-2.216508554949246,3.372669744670900,0.561605547184800,-14.959628644451072,-4.373159290142888,2.647943953231173,0.342019357993035,1
11.569996356964111,-8.053407714411689,8.297221978500980,0.606109483825657,-3.728685794612694,2.912126500063535,0.190765357631452,-1.526224761708509,-2.363561874252687,3.327431254568097,1.017987456166320,-14.257760903012272,-4.639448498062913,2.651326151409478,0.336883986381547,1
11.580047130584717,-8.090962561219950,8.326370735432803,0.608194213802685,-3.743962524545564,2.887669173889930,0.223977239337420,-1.512356378239125,-2.501069988239844,3.281210219801893,1.726013470476850,-13.128000793334289,-4.559428743899231,2.654758318934458,0.345982529730785,1
11.590001344680786,-8.128305382751487,8.354989185503788,0.610585546252783,-3.758920863060324,2.862139329304996,0.256414397981740,-1.492055761669441,-2.626757165205715,3.236175561701977,2.338637206065822,-12.146842005070102,-4.490624916734285,2.658245507364601,0.354597487970419,1
11.600002050399780,-8.165971444369767,8.383479254721216,0.613310956797176,-3.773716306152953,2.835277316438994,0.288554900920310,-1.465935517001428,-2.743832721623427,3.191569950230794,2.871819235717905,-11.286558213887547,-4.431500173389702,2.661833359713080,0.362856092632516,1
11.610031843185425,-8.203894268001218,8.411776623267725,0.616364890435565,-3.788266897059144,2.807202554480022,0.320343661466109,-1.434772691317396,-2.853189808238880,3.147379957449948,3.329960074837161,-10.537966239257797,-4.381811426097304,2.665512599625022,0.370739467388970,1
11.619992733001709,-8.241701203673918,8.439596929419558,0.619711386408648,-3.802387334490762,2.778269061235880,0.351479168811966,-1.399628343432582,-2.954886266972326,3.103939041626612,3.715039047416782,-9.896166906688796,-4.341538098509253,2.669243024409475,0.378173311985614,1
11.630029201507568,-8.279926317894356,8.467325230853062,0.623393867518080,-3.816239266617790,2.748129520096390,0.382407825545812,-1.360675829415800,-3.051332391550208,3.060540616636549,4.038288180845748,-9.341002265197453,-4.309671478312561,2.673073733396059,0.385263028778340,1
11.639998435974121,-8.318044632114244,8.494573359679762,0.627358243768278,-3.829601967290337,2.717247454017806,0.412709112798857,-1.319439527179879,-3.142646651238834,3.017127095748660,4.187117256693360,-9.043489494310961,-4.454394410752813,2.676933150079474,0.387243834709183,1
11.650002479553223,-8.356418712327777,8.521596140246757,0.631636913187429,-3.842590090957608,2.685361178575601,0.442663988653988,-1.277212390135236,-3.232180194176435,2.971510514871228,4.252243934252577,-8.859640550728882,-4.660912676878182,2.680803876369437,0.386608037366798,1
11.659992933273315,-8.394873718126561,8.548263248399504,0.636207174631827,-3.855137852419388,2.652628616185911,0.472117146237743,-1.234480777571583,-3.319833073212371,2.924031535604826,4.298678875915171,-8.688082316484836,-4.838771407788490,2.684662477315090,0.385758538036675,1
11.669992208480835,-8.433485143899196,8.574621452401736,0.641073610303565,-3.867266870657434,2.618999481418689,0.501112170123491,-1.191333762144150,-3.405887716512462,2.874863338040797,4.328262390657277,-8.524249608107896,-4.991035691392582,2.688514821850617,0.384693688259037,1
11.683635711669922,-8.486352628656800,8.610030134651820,0.648175331246497,-3.883115939721844,2.571748847390929,0.539861892733557,-1.132146518827982,-3.520688984910277,2.805563542872787,4.344361596255754,-8.306361492869852,-5.161826272786929,2.693751115791461,0.382894674688999,1
11.690040588378906,-8.511248393988737,8.626430508158863,0.651690664793185,-3.890278615549204,2.549027889579481,0.557726156082154,-1.104320055786412,-3.573566640113023,2.772281314764142,4.343278716364217,-8.203950103449960,-5.228866449877904,2.696200591818462,0.381912134017999,1
11.699993848800659,-8.550022407684688,8.651622693800322,0.657378177121135,-3.901054950635561,2.513056405694530,0.585058193619297,-1.061138733145837,-3.654418336710721,2.719779302397620,4.331867193147832,-8.041924780787001,-5.318234202106679,2.699993480425909,0.380210602173559,1
11.710034847259521,-8.589245562690531,8.676670705751574,0.663388949032320,-3.911454089856927,2.475955306741327,0.612097207468003,-1.006526020355000,-3.735626245265146,2.665728982032907,6.503612887975913,-8.112419170144410,-5.445539392786507,2.704149658693159,0.448073732182424,1
11.720988273620605,-8.632149163059095,8.703565609339979,0.670252377662315,-3.922047557916033,2.434550535012455,0.640967496513652,-0.924108229949563,-3.824226336144292,2.605396215280589,8.475553694869568,-8.040165787611521,-5.567569636612657,2.709459983319851,0.521244605418429,1
11.730029344558716,-8.667646291712785,8.725419841491744,0.676153363866250,-3.930037286220148,2.399647831001878,0.664294889451302,-0.841268941037181,-3.896245632672188,2.554651068577140,9.807136353681232,-7.876499830401826,-5.655816851763307,2.714440897926370,0.580377666823390,1
11.740001916885376,-8.706878093112806,8.749154903395022,0.682904022563101,-3.937918137905899,2.360405683981502,0.689488028954962,-0.737291101343356,-3.973501595574203,2.497813438425741,11.000844613033163,-7.602424160594778,-5.741261661141553,2.720548375634999,0.644275020782616,1
11.750050306320190,-8.746484087547728,8.772671858294935,0.689957565234436,-3.944754566647663,2.320099357494652,0.714296462634944,-0.621795600309211,-4.048149120406463,2.439737461500669,11.946251034257612,-7.241974059919119,-5.815904587809107,2.727340070679297,0.707255453736154,1
11.760020971298218,-8.785843873862188,8.795601847033069,0.697199708583546,-3.950347636431466,2.279384437831097,0.738331510543295,-0.498948053138647,-4.118278043475410,2.381424259045714,12.661818010524303,-6.815049313169146,-5.879715606547617,2.734697438134071,0.768351056371501,1
11.770032167434692,-8.825413498380595,8.818213182748154,0.704709460575864,-3.954699465435110,2.237822741453492,0.761875946458809,-0.370210331289531,-4.184277210679066,2.321995774067038,12.712467673964369,-6.426048782030997,-6.104267395021519,2.742645749024883,0.801504779358796,1
11.779993295669556,-8.864823078193682,8.840295781810324,0.712412775770716,-3.957771933132767,2.195827369703244,0.784693929370562,-0.248214749192282,-4.247213800136260,2.258539515969245,11.788709765612925,-6.209513101665364,-6.628357196840398,2.750527232380679,0.780962905176520,1
11.790043592453003,-8.904611384305399,8.862149468366672,0.720412298463623,-3.959686388684648,2.152830731037184,0.807050396648821,-0.134243755051261,-4.308498938193923,2.189467155966083,10.897622850821911,-5.984640880587256,-7.108743843669279,2.758272675325298,0.760356810333420,1
11.799993753433228,-8.944014796688021,8.883355768801779,0.728549546459155,-3.960471990738939,2.109691708737789,0.828459351373205,-0.021171286273032,-4.358769350393106,2.110518290031303,12.158374793068468,-3.820222004743500,-8.962983074400972,2.765346320023177,0.646262758058288,2
11.809993028640747,-8.983617502128304,8.904233700061296,0.736937879834189,-3.960050099714122,2.065954574380524,0.849083450163038,0.108034923847880,-4.384906157941543,2.011279253923507,13.648609022515737,-1.439088595434982,-10.838004861851079,2.771150459220712,0.514940621895477,2
11.820022106170654,-9.023325366984091,8.924732649330583,0.745552660281863,-3.958257741864319,2.021943291000432,0.868681655456172,0.251553368926399,-4.388153113146384,1.894317263207428,14.938677135752130,0.760724153790042,-12.441760065398210,2.775663117350800,0.385323067074114,1
11.830123662948608,-9.063291652798018,8.944932343278079,0.754421513419975,-3.954935185837146,1.977693380150398,0.887157078774680,0.408181625902529,-4.370055021705760,1.761602396271790,16.042490933913282,2.792613873498558,-13.793531496726624,2.778904793356158,0.256893296908384,1
11.840057611465454,-9.102559814953201,8.964364916744570,0.763319764087138,-3.950081702862382,1.934433994302722,0.903965597360807,0.568178792118733,-4.338894028412955,1.622166932452846,15.750209315796996,2.894585193694471,-13.936452447695293,2.781109846454903,0.214325025534824,1
11.850051641464233,-9.142002331609055,8.983479670245183,0.772431854657048,-3.943632253424095,1.891208094487003,0.919486170259965,0.721543920539230,-4.312865743419231,1.484581334363074,15.284414835918346,2.753009610460353,-13.693912820643725,2.783204934353948,0.182032313556629,2
11.860958099365234,-9.184969935628818,9.003851549173115,0.782546189322580,-3.934834711503910,1.844364467658674,0.934861972835521,0.893221016050501,-4.273605855035310,1.334657737967349,16.164041571624459,4.423510154533439,-13.778615248303282,2.784451121258259,0.046888712876214,2
11.869993925094604,-9.220485009512673,9.020342596966566,0.791046003877917,-3.926095650800046,1.805948268256995,0.946358831111758,1.042033496229455,-4.227771591360642,1.210152235101077,16.755007589450198,5.706753842410738,-13.768694206927814,2.784376205631900,-0.063187459276224,2
11.880002498626709,-9.259725545767036,9.038207242323328,0.800576247628735,-3.914817677561749,1.763941586909190,0.957782526536194,1.212438734178330,-4.163970245839733,1.072724215437439,17.272773815566097,7.024277225028731,-13.679548627410517,2.783141773822811,-0.183133553747274,2
11.890153169631958,-9.299398080038035,9.055899192703210,0.810351269409121,-3.901613524102104,1.722057912432108,0.967969211892773,1.389847702444066,-4.086348867172338,0.934655538977816,17.659970118807717,8.251501375595272,-13.511909954254634,2.780674457039723,-0.302647183386732,1
11.899994134902954,-9.337723607092093,9.072649389456478,0.819920141120180,-3.887076409483287,1.682261807568106,0.976516307344512,1.564972806662974,-3.999713177521574,0.802766585422115,17.911443713355307,9.339097951387913,-13.281545229302388,2.777134427067277,-0.416464116485519,1
11.910114765167236,-9.376980020242801,9.089471758344018,0.829841931664636,-3.870317701853904,1.642278263664649,0.983965478693301,1.747054548794735,-3.899966783029304,0.669816476053461,18.051533260504272,10.355342005534139,-12.981379115799948,2.772336083728219,-0.531410221959612,1
11.920097112655640,-9.415524836649595,9.105672995557114,0.839695451506529,-3.851977689965693,1.603878787534366,0.990010676593860,1.927481923231557,-3.792006385614281,0.541948196719475,18.080337819682246,11.258765589143186,-12.628618621106758,2.766474195403403,-0.642694496260849,1
11.929998636245728,-9.453570616616581,9.121370930586227,0.849523315828970,-3.832005642672616,1.566894901196338,0.994764372233942,2.106245906537310,-3.676473500723973,0.418837060986505,18.009596031901527,12.060467649926434,-12.228903333517978,2.759571993944364,-0.751033759620614,1
11.947453022003174,-9.520116465881879,9.148169984665053,0.866938734878669,-3.792514801822413,1.504627976495271,1.000251446884903,2.417975724868505,-3.455169545043890,0.212274497990176,17.667398032928695,13.252340623130571,-11.420594777225508,2.744831421229498,-0.937016664160107,1
11.949990987777710,-9.529735708599457,9.151978300644764,0.869478468641377,-3.786320062426423,1.495900087047807,1.000753634126174,2.462734409442116,-3.421337011066699,0.183444940635804,17.596435996640100,13.402845123243766,-11.293399480425103,2.742419169679730,-0.963536949992340,1
11.959994316101074,-9.567485369670644,9.166773359189373,0.879496651418996,-3.760809263282083,1.462355257754349,1.002032217911367,2.637181764801667,-3.284499234063028,0.073056712655453,17.269031513628253,13.941147888495314,-10.771672044725880,2.732262673030161,-1.066738918680754,1
11.970040321350098,-9.605129612081276,9.181300483200364,0.889564722790881,-3.733452003456043,1.430071079671357,1.002231847093522,2.808454120425039,-3.142541370539683,-0.032321295924745,16.632817112368564,13.982559205993052,-10.148325482307031,2.721077980513186,-1.128084108850768,1
11.979943513870239,-9.641964122817242,9.195311524476116,0.899487302363624,-3.704846318219060,1.399610279008151,1.001428063867689,2.965949238983565,-3.011251303027580,-0.128610316652324,15.189706374821011,12.543333922927445,-9.306954049665395,2.710326318272641,-1.043413656637306,1
11.990000724792480,-9.679067648188020,9.209235843848870,0.909549636082203,-3.674276059654946,1.369939618704737,0.999677808954800,3.111757781926135,-2.892146270045262,-0.218160245534626,13.826060077181941,11.157475228329696,-8.513097993233583,2.700259594448364,-0.958972695829452,1
12.000000476837158,-9.715653403945165,9.222792744089400,0.919534346741434,-3.642487836815482,1.341553344389897,0.997082923924800,3.243639496013550,-2.787153381129571,-0.299583680576514,12.564915417107393,9.852633969487135,-7.780333996538559,2.691083137781117,-0.876531065569748,1
12.012538194656372,-9.761063801855141,9.239397118179571,0.932009696990587,-3.600870672638016,1.307341597668958,0.992737866948722,3.391904052722456,-2.673364245457269,-0.391756686766392,11.107705572086916,8.316784005913432,-6.935998716103634,2.680730193453730,-0.775325332918988,1
12.020937204360962,-9.791187688914979,9.250284302314073,0.940333458119481,-3.572000217582482,1.285169184662825,0.989208988181260,3.481362920679053,-2.607609931649555,-0.447796434698968,10.203116513073732,7.348356659118211,-6.413546615172242,2.674497887778127,-0.708869291629567,1
12.030000448226929,-9.823417377229680,9.261825886886802,0.949279729794135,-3.540041472787745,1.261823817046717,0.984894434838318,3.569638574176886,-2.545547029514859,-0.503505938455912,9.286817585292789,6.356177839324477,-5.886036330110758,2.668393666505033,-0.638367617968044,1
12.040001630783081,-9.858638604354832,9.274318146470241,0.959102765002826,-3.503895885096231,1.236668351589570,0.979573991561560,3.657770731472306,-2.486958911858702,-0.559771116915996,8.367753729066695,5.482347293620601,-5.438971795516173,2.662410188646371,-0.550593069162411,1
12.050003290176392,-9.893502373464944,9.286564542876263,0.968872163263612,-3.466903641737407,1.212058494727366,0.973706342665177,3.737404787157578,-2.434523582419984,-0.613090911498122,7.563690227407093,5.004314879610940,-5.222323254009283,2.657465340963697,-0.438467052324851,1
12.059995174407959,-9.927954662992089,9.298554291705916,0.978569629581409,-3.429195980115572,1.187975624887535,0.967323466388305,3.809181546349920,-2.386849449107415,-0.664192670953039,6.812068172260141,4.540822472866397,-5.006722054873648,2.653635178132849,-0.328554183958843,1
12.069991827011108,-9.962042899542636,9.310311268292384,0.988205385175165,-3.390789367711266,1.164335020053272,0.960437345471648,3.873725757014801,-2.343716696246958,-0.713167764013554,6.109452617043883,4.091169779919161,-4.791983981894847,2.650891736763163,-0.220679419549628,1
12.079998016357422,-9.995778459931126,9.321845702886773,0.997779663816668,-3.351731549093787,1.141079725515364,0.953064568664391,3.931540019480253,-2.304970933886815,-0.760048648403776,5.453403910324570,3.655177935462065,-4.578146096560490,2.649215027322324,-0.114788297196853,1
12.089995622634888,-10.029088807757415,9.333138633164259,1.007268839546834,-3.312165270533543,1.118212207890465,0.945241031002656,3.982971072705661,-2.270548015049042,-0.804754326071168,4.843102447627960,3.233740037989948,-4.365780264556131,2.648587556569061,-0.011090447026247,1
12.099993705749512,-10.062004256641377,9.344205649385266,1.016678497238837,-3.272110759553665,1.095665860047102,0.936980346063388,4.028521699805752,-2.240264834429278,-0.847347859821161,4.275770146496695,2.826418349649395,-4.154807137900297,2.648986399194272,0.090525639825537,1
12.109992504119873,-10.094520906006762,9.355049952423100,1.026004600797783,-3.231623767054157,1.073392001493648,0.928312878581657,4.068573186399274,-2.216223585396467,-0.884973627444055,3.741402071579687,1.992309228698034,-3.379016218108692,2.650385736021428,0.189035588784206,1
12.119992494583130,-10.126633082200355,9.365673350575921,1.035242939508747,-3.190759445488668,1.051316378525874,0.919306364417676,4.103469873840749,-2.200177800617871,-0.915140932610987,3.243940675814157,1.228699984294213,-2.664966110644250,2.652760622258982,0.285621100388827,1
12.132942676544189,-10.167607291791830,9.379103469856526,1.047070067250083,-3.137365679427350,1.022902188060807,0.907256110474830,4.141580874142661,-2.190126794407198,-0.944145144341916,2.651502988974386,0.342358647043590,-1.831141201968495,2.657254130872641,0.407834545865757,1
12.139996051788330,-10.189630913467109,9.386263196219980,1.053445054326583,-3.108093089986328,1.007460798585373,0.900555319222617,4.159215821784317,-2.189270124138885,-0.955585844418274,2.352076968151398,-0.094147076040091,-1.417881646507988,2.660360933447174,0.473035799703441,1
12.152941703796387,-10.229518608816937,9.399122114783951,1.065023020491964,-3.054065826489908,0.979090004476494,0.888085435729378,4.186312373320220,-2.195266516111029,-0.969391932071653,1.842450239851683,-0.815381696372142,-0.729845736518110,2.667246852503740,0.590226187418895,1
12.159991741180420,-10.250949352571318,9.405971276036732,1.071260978095005,-3.024503532443211,0.963587435869181,0.881234741607851,4.198389791576543,-2.202271332993361,-0.973331017677331,1.585516482504529,-1.166724070345435,-0.391583493315848,2.671629488021524,0.652698275816775,1
12.169992208480835,-10.280985612367484,9.415497262986507,1.080025019766749,-2.982444153022643,0.941497753259213,0.871488861522326,4.212547512162154,-2.216105754538592,-0.975049762782697,1.262472703238309,-1.535678055788833,0.026262999321773,2.678567439160314,0.723666845310497,1
12.179995298385620,-10.310603405321530,9.424802478234136,1.088692399351416,-2.940254006518690,0.919253830957911,0.861744097857302,4.223846364402277,-2.232334044081891,-0.973056352045027,1.000543750104456,-1.708095021238200,0.368059529813239,2.685985935026898,0.759664429825971,1
12.190051317214966,-10.339954858215023,9.433932703371442,1.097308381578926,-2.897735538291315,0.896717871175548,0.851983794135369,4.232671179721455,-2.250344493426120,-0.967735144786592,0.758087475998636,-1.872702329546583,0.686133392467074,2.693802570841106,0.794905730766663,1
12.200006961822510,-10.368597892639119,9.442749522670402,1.105743801104649,-2.855556658892780,0.874215605368764,0.842386895802032,4.239104895024329,-2.269765866332514,-0.959436706796624,0.537292888733976,-2.026826005965325,0.976743836888736,2.701887344176625,0.828863908376634,1
12.210040569305420,-10.397036634045541,9.451406662008354,1.114148060367446,-2.812998590153189,0.851336604631386,0.832813839372657,4.243455933221989,-2.290843725283429,-0.948266056371983,0.332900454017581,-2.172974464803839,1.245971579976010,2.710371767881564,0.862138827725113,1
12.219956159591675,-10.424721183787049,9.459735389182782,1.122359693873853,-2.770907945309272,0.828511909955521,0.823476331953827,4.245824635491389,-2.313068466185544,-0.934685256843000,0.147508337948165,-2.308156038786805,1.489598733573257,2.719079767242555,0.894090331709025,1
12.236957311630249,-10.471214215541812,9.473484263283732,1.136225381143756,-2.698719736350822,0.788844896918970,0.807819934569825,4.245997242990701,-2.354005834452548,-0.906203721290735,-0.064255732279508,-2.448548164596745,1.825518766730686,2.734737472941585,0.950374603113473,1
12.239995002746582,-10.479395704430909,9.475870589970476,1.138676075846543,-2.685816925913056,0.781680077673186,0.805074568046831,4.245819009624565,-2.361411627789413,-0.900605376499138,-0.053242587758901,-2.425456594116552,1.858795032632211,2.737644100250844,0.962566674282559,1
12.249998569488525,-10.506049127778937,9.483571080369286,1.146684375712029,-2.643348772910096,0.757939161325091,0.796160695806878,4.245437066411244,-2.385290088492989,-0.881489523473786,-0.025203890989415,-2.348677874224004,1.961573542597715,2.747470657989490,1.002008175325245,1
12.261211633682251,-10.535420419933912,9.491918876574253,1.155556265351085,-2.595748602534205,0.731048647177123,0.786402656861251,4.245263213850907,-2.411135369505492,-0.858905441528059,-0.008321406863555,-2.261224193016247,2.064777567321907,2.758947563206026,1.044960282872281,1
12.269994974136353,-10.558056009618054,9.498246666301336,1.162430611889949,-2.558461265764435,0.709784492003675,0.778939196770303,4.245209265537418,-2.430691797456426,-0.840446996023927,-0.005449519712781,-2.191701074119763,2.137046107949670,2.768270088950116,1.077678206733572,1
12.280216455459595,-10.583987906442216,9.505375004131603,1.170349738546257,-2.515065257763714,0.684823812098959,0.770460788113449,4.245124206695435,-2.452678091723904,-0.818209905321446,-0.013134284808645,-2.109677996142864,2.211978754726390,2.779476900331819,1.114728879978061,1
12.290034294128418,-10.608475820380873,9.511979957459914,1.177874916122893,-2.473388196057720,0.660643417431532,0.762535387997036,4.244914657317889,-2.472999299843619,-0.796176846186314,-0.031275938363708,-2.029792125699250,2.274950227883264,2.790591533398260,1.149272189594920,1
12.303391456604004,-10.641134032595019,9.520582725259432,1.187989932690941,-2.416693203649530,0.627433729707112,0.752106212947619,4.244117754229793,-2.499579961662584,-0.765195564573854,-0.147666558956601,-2.041328076219748,2.404732193900787,2.806256303924545,1.200035944264837,1
12.309995412826538,-10.657000660612853,9.524671518204086,1.192940062270594,-2.388670706387577,0.610881391114958,0.747106544449006,4.242581325189032,-2.513650627916973,-0.748848891067162,-0.316722962778297,-2.217844833316542,2.544340914152106,2.814288232262530,1.232420938371098,1
12.320127487182617,-10.680985705500948,9.530731733587199,1.200471989496011,-2.345704113259307,0.585294128232335,0.739653013782956,4.238101535052488,-2.537389163351597,-0.722061575933400,-0.565405281548816,-2.462697127291477,2.739347516620343,2.827022970350592,1.281054241106351,1
12.332995653152466,-10.710819403871346,9.538052281502333,1.209931002992594,-2.291223695763836,0.552431590504600,0.730594562716070,4.228888688406537,-2.570849918515792,-0.685387815821876,-0.863212394687199,-2.729972403704519,2.954810875517257,2.843895221465288,1.340974730694261,1
12.339994430541992,-10.726752726863911,9.541855760377340,1.215028002022723,-2.261647040479798,0.534369634647808,0.725870595449488,4.222305198524056,-2.590405310042114,-0.664341143333745,-1.017047841107456,-2.855608743172060,3.057500302772605,2.853392431438213,1.372701253635790,1
12.349993228912354,-10.749156122586117,9.547068964053786,1.222253313237334,-2.219482446703796,0.508322607427675,0.719382912821143,4.211075648811824,-2.619762381725728,-0.633104240199142,-1.227227863575308,-3.011896197729647,3.187207724013299,2.867340465720574,1.416966766074904,1
12.359992742538452,-10.771140066339989,9.552020574779451,1.229415846349445,-2.177437458872296,0.481972771967947,0.713213299816030,4.197798269708202,-2.650551996500512,-0.600664826352825,-1.426535063516048,-3.141884149255447,3.297703150002056,2.881725930535285,1.459989947329080,1
12.370012521743774,-10.792744998500588,9.556715817689694,1.236531816272125,-2.135455148387591,0.455258009014934,0.707362361996918,4.182645089292926,-2.682395525010854,-0.567245307827176,-1.558578401813235,-3.138427206914079,3.331943911412846,2.896550427734705,1.493657949371842,1
12.380079746246338,-10.814031916253182,9.561162651348091,1.243624977247123,-2.093425783203763,0.428097921169617,0.701818993134002,4.166869174570169,-2.712838872119863,-0.534147659913716,-1.576635835036188,-2.910306898433914,3.243433560034430,2.911670537941003,1.509978263253432,1
12.390015602111816,-10.834621090676613,9.565280744787898,1.250570483357333,-2.052113459624010,0.401010720067430,0.696671771965844,4.151091400024469,-2.740650666255235,-0.502358623936744,-1.601229910621011,-2.690264762983943,3.157305556332943,2.926746516685324,1.525365899124606,1
12.399996280670166,-10.854901362151656,9.569147143207047,1.257501053386829,-2.010752150679080,0.373519526615808,0.691812489924262,4.134955216242941,-2.766425048260765,-0.471265441632139,-1.632474233150564,-2.474050394967992,3.071929414193060,2.942048925259332,1.540115436389232,1
12.410269975662231,-10.875342701228458,9.572838381964873,1.264584695878368,-1.968354741779326,0.344969404346010,0.687131127464367,4.117989180794005,-2.790722976234297,-0.440149331859208,-1.671193968419010,-2.256591121338476,2.985287293434265,2.957947486070889,1.554545919868694,1
12.419999122619629,-10.894297555521543,9.576062070157404,1.271249193555098,-1.928371919374539,0.317715783929731,0.682989053438405,4.101528232373576,-2.811693915419837,-0.411500924421159,-1.713749283846482,-2.055314302496875,2.904374872916975,2.973134761935611,1.567509471131094,1
12.432180643081665,-10.917483818599951,9.579723050555828,1.279539213237743,-1.878538650103697,0.283319381104047,0.678189447252918,4.080289513712001,-2.835226206662197,-0.376731393095126,-1.774757303877383,-1.809503854117123,2.804586911791516,2.992323131739495,1.582780530206898,1
12.439996004104614,-10.932039925697158,9.581850439066088,1.284827902382658,-1.846706081047530,0.261107692954595,0.675329892983479,4.066345923255768,-2.849235494523478,-0.355259843712160,-1.790235318936990,-1.797166165922760,2.681624469584582,3.004684951290538,1.578783423649773,1
12.450017452239990,-10.950343566807909,9.584323851644376,1.291578609757537,-1.806043699587474,0.232462436528473,0.671901362846552,4.048302036619697,-2.867295223891288,-0.329224077231051,-1.812324359642234,-1.804885939030496,2.515179194952572,3.020464912518953,1.570254031436729,1
12.460032224655151,-10.968228395414565,9.586507867827679,1.298291612832603,-1.765591292496331,0.203655947313041,0.668727614154156,4.029999819132214,-2.885360677161525,-0.304841596962895,-1.844236071651399,-1.800869364483654,2.355025370512716,3.036147080869281,1.561428292254116,1
12.470006942749023,-10.985639083654959,9.588395399955479,1.304947041531837,-1.725486527151037,0.174786598486970,0.665801558925797,4.011406962881014,-2.903256534916988,-0.282121932839318,-1.885369814260925,-1.785622993202437,2.201520153113015,3.051676429147397,1.552337975688717,1
12.480126142501831,-11.002894975471792,9.590015183608680,1.311670507853244,-1.684990705605785,0.145316252867567,0.663056783312776,3.992078397985805,-2.921201053887193,-0.260606525693573,-1.936210327683434,-1.759100213692792,2.051765199362210,3.067337265006067,1.542809298852380,1
12.489996910095215,-11.019332961505844,9.591306976627664,1.318203014729001,-1.645681061171645,0.116396607007087,0.660582048259746,3.972686834338950,-2.938394279147807,-0.241051525187363,-1.994233411686761,-1.722896879475537,1.911362117320016,3.082518879691827,1.533217591739610,1
12.499996423721313,-11.035589925863020,9.592323653925209,1.324796461383952,-1.606058792862711,0.086930102962928,0.658265014714056,3.952418755563603,-2.955396423630475,-0.222627545946614,-2.061095686882801,-1.676212908150821,1.774713657305654,3.097799756654737,1.523202009377527,1
12.510220289230347,-11.051804609413015,9.593057691419567,1.331515455107425,-1.565759090623841,0.056628387999480,0.656076528123975,3.930333860928350,-2.971687284946774,-0.205955142547442,-2.258321318031724,-1.510290348066890,1.488042316154204,3.113433282727391,1.534850261486945,1
12.520000457763672,-11.066930384965152,9.593469173828330,1.337922365741047,-1.527430712740469,0.027495078279336,0.654129169359230,3.907346487000279,-2.985684460451373,-0.192701153890878,-2.441553456940141,-1.352232585652965,1.224066663843365,3.128496513108952,1.545405281295919,1
12.530117273330688,-11.082183590758527,9.593594317785753,1.344530408215829,-1.488028913672301,-0.002776965502160,0.652237768878884,3.881711709336810,-2.998542100506648,-0.181653248660931,-2.625214571727582,-1.189782428497459,0.961816706337026,3.144183495759447,1.555650705221510,1
12.540001630783081,-11.096702607400486,9.593420204561433,1.350968630450455,-1.449791782130415,-0.032471177033382,0.650485184187618,3.854899805451072,-3.009522258693469,-0.173369505766825,-2.798975730905796,-1.032116955871543,0.716015903091359,3.159606846450728,1.564999820695185,1
12.549947738647461,-11.110932522297862,9.592948206474956,1.357430113216697,-1.411590878799102,-0.062453378389600,0.648792256881728,3.826213784138599,-3.019003466871652,-0.167435495492708,-2.968252548563975,-0.874534667946484,0.478878138441431,3.175216932024017,1.573748196396293,1
12.559990644454956,-11.124915566532081,9.592168670226368,1.363937037149234,-1.373319780630164,-0.092812222829933,0.647131088598508,3.795571242795822,-3.026991495404534,-0.163786001311202,-3.133581290963835,-0.716547302820715,0.249644049627786,3.191062355963524,1.581909848364820,1
12.570010423660278,-11.138486247966005,9.591086620445800,1.370413112520087,-1.335448058286052,-0.123176066777979,0.645498795502456,3.763396205071246,-3.033375855344236,-0.162375328615651,-3.276785317904402,-0.553772505313333,0.038933828436118,3.206948661150766,1.587901565347273,1
12.580026865005493,-11.151674758810783,9.589700544586639,1.376870720019683,-1.297917502582793,-0.153585293914411,0.643871150751861,3.730037964149420,-3.038052857039958,-0.162921120126572,-3.383290401267664,-0.380521439824826,-0.146501065934909,3.222866692502544,1.590315546602988,1
12.590116739273071,-11.164580696612312,9.587996273042849,1.383358666782699,-1.260457654290416,-0.184253858343594,0.642216857194349,3.695373155204226,-3.041023204431937,-0.165305853743131,-3.487777465183581,-0.208738314818244,-0.324817749492111,3.238922046597774,1.592214375600504,1
12.599997282028198,-11.176854302766817,9.586027380101108,1.389695684442034,-1.224118986590929,-0.214306851563041,0.640565029048431,3.660419307261528,-3.042265400967504,-0.169344324748144,-3.587413018775680,-0.043148652798615,-0.491363090559423,3.254660277991270,1.593555727449225,1
12.610028505325317,-11.188951571412444,9.583724263449792,1.396113487127043,-1.187578338388789,-0.244827505832130,0.638838632736565,3.623932614130832,-3.041865876059526,-0.175088687334153,-3.685898926824985,0.122353786831922,-0.652465326884807,3.270652133816604,1.594393194292243,1
12.620000839233398,-11.200614093221235,9.581131732668906,1.402474923332394,-1.151626703854171,-0.275151055789032,0.637057720976295,3.586701214079277,-3.039836529285560,-0.182360520782794,-3.781136819465534,0.284237970352659,-0.804751353436631,3.286552787304801,1.594701799243823,1
12.630001783370972,-11.211952446837877,9.578228068725226,1.408836690519241,-1.115947803341655,-0.305534678624833,0.635191294379903,3.548420508766168,-3.036192939157331,-0.191140200896698,-3.874028556108942,0.443996837580106,-0.949790145028276,3.302500293484285,1.594486822405588,1
12.640007019042969,-11.222940553694279,9.575019314492405,1.415182046907106,-1.080641339252808,-0.335886867853829,0.633229173813593,3.509179571526035,-3.030936520351776,-0.201292310900790,-3.972543123245610,0.608849984406391,-1.073885494088546,3.318407053244313,1.580901889771322,1
12.649999380111694,-11.233564435214502,9.571511717109383,1.421499419450094,-1.045775518861254,-0.366140639833636,0.631162263286325,3.468982605838917,-3.024023668380180,-0.212579472152808,-4.072350417463038,0.774208256656950,-1.184085879637405,3.334103407394528,1.560673475628487,1
12.659994602203369,-11.243845315528320,9.567700855528440,1.427797656052795,-1.011304866937432,-0.396327197354631,0.628976424466265,3.427787946758853,-3.015471333360103,-0.224938420350460,-4.169479974230870,0.936424396526639,-1.287600635962348,3.349602156729583,1.540315803672680,1
12.669994831085205,-11.253787897355538,9.563586875125649,1.434076098085352,-0.977236272379752,-0.426433112187688,0.626660962204066,3.385617542897996,-3.005308605795471,-0.238305074499147,-4.263961278459045,1.095551434609400,-1.384585866729654,3.364903322101490,1.519826791379990,1
12.679995536804199,-11.263392809572654,9.559171927949558,1.440331295996392,-0.943590883571155,-0.456432347742740,0.624206847634573,3.342511506508125,-2.993569005409265,-0.252610768598487,-4.355783909567832,1.251574507789306,-1.475156617287872,3.380000409276254,1.499213181072243,1
12.690009355545044,-11.272674468521410,9.554451652556116,1.446568777862866,-0.910341046850765,-0.486342660118918,0.621601978521179,3.298446330931855,-2.980267341038059,-0.267809746500329,-4.445068682711699,1.404702620082062,-1.559553251863368,3.394908699810027,1.478451635234368,1
12.700009346008301,-11.281613483555940,9.549439580950741,1.452770990457098,-0.877581096973730,-0.516071852452479,0.618844645903972,3.253561877909675,-2.965468767164436,-0.283800705018389,-4.531609613833219,1.554582426743488,-1.637709959988823,3.409588673999902,1.457595568293782,1
12.710007905960083,-11.290225151885604,9.544132289791550,1.458943349411595,-0.845282530672127,-0.545638851093049,0.615924221670873,3.207650701926437,-2.949269169672661,-0.300567648429025,-4.652363362268402,1.685886916659113,-1.715549426457636,3.423975892045014,1.420587457701078,1
12.720149278640747,-11.298634504638366,9.538446576064651,1.465174785312156,-0.812989309757445,-0.575463725184672,0.612786104427150,3.159861530251992,-2.931500675390525,-0.318342289285989,-4.770084727416080,1.817521891057964,-1.788292003657290,3.438194895700146,1.383213005816183,1
12.730066299438477,-11.306542148116625,9.532595982483414,1.471235705065705,-0.781890030051052,-0.604443318474011,0.609540148401113,3.112006475692440,-2.912844735133351,-0.336404402744436,-4.880472863841273,1.944729733260801,-1.853479214573658,3.451731651801440,1.346893869563581,1
12.740486860275269,-11.314522021797686,9.526139415678159,1.477568982397001,-0.749727460908234,-0.634689498873129,0.605932751664686,3.060564986468819,-2.891889527111676,-0.356049364448546,-4.991541660545197,2.076799888925205,-1.915819085164698,3.465569531326678,1.308965841570900,1
12.750060558319092,-11.321560504270892,9.519930553318565,1.483353687748589,-0.720655358903112,-0.662279933345317,0.602435254407930,3.012304227516656,-2.871430877041622,-0.374644062940584,-5.089211241256642,2.196682136996601,-1.967671754312886,3.477935846709357,1.274333318063812,1
12.760123014450073,-11.328660268518249,9.513121563096263,1.489396220155913,-0.690604211072572,-0.691059583791741,0.598565041741139,2.960597582947570,-2.848699814408299,-0.394694579343549,-5.187422869812867,2.321160118077336,-2.016716848746045,3.490576265955095,1.238156373302334,1
12.770150661468506,-11.335437272346557,9.506049204653838,1.495378092571223,-0.661179460640892,-0.719505900362365,0.594505149007973,2.908115800691822,-2.824803871006448,-0.415129745261282,-5.276984017247472,2.446691489612738,-2.054638520023917,3.502807261151995,1.199620057316382,1
12.780032873153687,-11.341830039129606,9.498801361228677,1.501232516463358,-0.632699787390553,-0.747299657775103,0.590302035346274,2.855582585788667,-2.799993769261238,-0.435550363519190,-5.354333607037699,2.574107090271570,-2.077592667680074,3.514450774710113,1.156902771281247,1
12.790012598037720,-11.348002033603949,9.491205624158907,1.507100695983888,-0.604473753665259,-0.775108565246944,0.585852214745929,2.801779795781866,-2.773675911014008,-0.456382500758691,-5.429072629788503,2.700543870034895,-2.097328391061095,3.525781108977741,1.114158451282347,1
12.800004243850708,-11.353903184349081,9.483322441769035,1.512931609093947,-0.576749601149191,-0.802687236175357,0.581186883234475,2.747170516146767,-2.746067763779665,-0.477424386333257,-5.500580432238629,2.824937118818069,-2.113708450281527,3.536701950809950,1.071744874657009,1
12.810033559799194,-11.359550351025936,9.475134408424031,1.518736148600031,-0.549475165576593,-0.830084276033502,0.576292103526751,2.691657382619037,-2.717118777064682,-0.498691967388291,-5.569044794082112,2.947566014364106,-2.126826707496228,3.547238986175125,1.029567889329811,1
12.820034503936768,-11.364912567632663,9.466696375033715,1.524475000326411,-0.522832510662469,-0.857111815424781,0.571197554231757,2.635627145572023,-2.687034417267474,-0.520016692035738,-5.634072146760798,3.067654235299812,-2.136675886666200,3.557328142635970,0.987897780072673,1
12.830031394958496,-11.370008153267928,9.457994801313967,1.530158454502053,-0.496768848952933,-0.883816646989649,0.565892499398978,2.578996482213647,-2.655778889346582,-0.541411341424521,-5.695865133927343,3.185478430945604,-2.143373528248135,3.566996827253049,0.946644195092690,1
12.839997291564941,-11.374831997987041,9.449054986231497,1.535771103675996,-0.471351120670637,-0.910125793728241,0.560387519451034,2.521176535321239,-2.623814390229881,-0.563962627326816,-5.986043678820239,3.191647610702557,-2.502217460314756,3.576203425064268,0.898339208461467,1
12.850046396255493,-11.379442490785703,9.439776869271840,1.541373707786786,-0.446323990265769,-0.936332968379126,0.554585004424952,2.459008228467733,-2.591949964973262,-0.591684933431353,-6.382650645902595,3.152642826239110,-3.005411179952014,3.584968431176099,0.846157339216099,1
12.860016822814941,-11.383771075094831,9.430313605812030,1.546872839520356,-0.422131821619846,-0.962017728116850,0.548529142855222,2.393509418668249,-2.560646786041167,-0.623903881274986,-6.753134689643207,3.129534189228810,-3.448919531225815,3.593148849244719,0.794997899201582,1
12.869987964630127,-11.387862641175756,9.420593706488496,1.552311087113625,-0.398605708485042,-0.987396733029686,0.542129497387395,2.324413855231658,-2.529493199446947,-0.660286593842102,-7.101282034379919,3.121159448008666,-3.839531641338608,3.600823843243013,0.744434157698283,1
12.880041837692261,-11.391753913053689,9.410539232737646,1.557727551790904,-0.375600878875423,-1.012670154941984,0.535291024977833,2.251347138652468,-2.498096405265568,-0.700653282964889,-7.430079433424567,3.126852648717890,-4.182187973332820,3.608054589662283,0.694068823412180,1
12.892338991165161,-11.396204178090693,9.397900351625671,1.564254802179046,-0.348491213638993,-1.043148006379816,0.526350866755572,2.157669590858034,-2.459516370673471,-0.754315823404208,-7.802565880601033,3.151977048367963,-4.534975657021154,3.616213891379589,0.633313613014733,1
12.900991678237915,-11.399139877477314,9.388781827369641,1.568780790279818,-0.330115239179485,-1.064312844424147,0.519650998099044,2.089110238195595,-2.432118465928744,-0.794454440397393,-7.998019649438708,3.188975796255040,-4.692411196739334,3.621511436844284,0.591475374229166,1
12.909996032714844,-11.402028702324250,9.379099913577571,1.573427265029062,-0.311625067414063,-1.086082290880247,0.512310712385688,2.018032416071950,-2.402902054283886,-0.835481230248485,-7.790521075483310,3.300082883235258,-4.421258734164462,3.626657369214771,0.551555092590646,1
12.920357465744019,-11.405150899197936,9.367717380934735,1.578690244374525,-0.291128040264658,-1.110802074803862,0.503421430183456,1.938495373006218,-2.368048995148551,-0.879717709585271,-7.562898817407516,3.426682921203783,-4.118464585748530,3.632136966983214,0.506159959710359,1
12.929995536804199,-11.407867897075258,9.356901920390321,1.583500792069407,-0.272792797117179,-1.133464534512179,0.494755618950690,1.866581669349958,-2.334459998326243,-0.918089858217140,-7.361588166286436,3.543176641731365,-3.845541500999738,3.636814010463354,0.464459092813492,1
12.940621376037598,-11.410662573943688,9.344727109290060,1.588705285864840,-0.253370800428002,-1.158067159782703,0.484788804203431,1.789489955956041,-2.296135700727990,-0.957394421156734,-7.150909691731592,3.670139416539110,-3.554198380337691,3.641507476016211,0.419068770007665,1
12.949994087219238,-11.412959775628863,9.333772251395827,1.593206653138934,-0.236909498663741,-1.179425884053293,0.475662743805153,1.723298108930442,-2.261216033796850,-0.989535629280448,-6.974566332666053,3.780807979004173,-3.305353638435339,3.645249751402897,0.379537286380902,1
12.960094451904297,-11.415265987121456,9.321744645975715,1.597960100011279,-0.219855819532552,-1.202070656818562,0.465503681258705,1.653770076160262,-2.222431302467689,-1.021602498137572,-6.794180718530350,3.898624430481467,-3.045578972121575,3.648870387516310,0.337469674413655,1
12.970029830932617,-11.417369624040601,9.309693737563688,1.602533711690011,-0.203759079274053,-1.223954930428362,0.455208449513661,1.587072365577250,-2.183100581412054,-1.050632254179669,-6.652558814612633,4.031683889368928,-2.803414045471472,3.652018283212320,0.295788591596244,1
12.979999303817749,-11.419323219934700,9.297383735245658,1.607019235017996,-0.188266007033265,-1.245516145837826,0.444598639503252,1.521169422962974,-2.142069439229166,-1.077453884696499,-6.568782023558070,4.198638128248383,-2.578663169797109,3.654752414587953,0.252810207826547,1
12.990106582641602,-11.421149504672051,9.284686272124590,1.611457448461022,-0.173225231570410,-1.266949376893523,0.433580575271896,1.455196143389696,-2.098803680673738,-1.102399461747802,-6.486217734334071,4.361626359995957,-2.358828265620133,3.657089965547027,0.209838664107931,1
12.999996185302734,-11.422792589529726,9.272054105705442,1.615691308086730,-0.159149157025484,-1.287490872621132,0.422565806858458,1.391437146033194,-2.054902997196635,-1.124696346663733,-6.407672748626779,4.515115922747073,-2.151355490487439,3.658959775798219,0.168376235497833,1
13.010037660598755,-11.424321644380845,9.259022655213418,1.619877533595608,-0.145498493244758,-1.307895433017927,0.411166906068354,1.327484295628321,-2.008805935056848,-1.145273589197222,-6.330129821775001,4.665009368277880,-1.948249823196679,3.660441669237929,0.126870819452457,1
13.020075559616089,-11.425716297563062,9.245794038967414,1.623946671584215,-0.132491277058730,-1.327821692700672,0.399576206338261,1.264324572206454,-1.961252782615915,-1.163841630432845,-6.254774576471320,4.808968986994467,-1.752646772400987,3.661509427286824,0.085979016266385,1
13.029993057250977,-11.426969115961986,9.232529706676189,1.627851954533661,-0.120258745709073,-1.347033653437048,0.387950697549298,1.202653531669025,-1.912877964428545,-1.180294658991354,-6.182375190749564,4.945552301959162,-1.566496784799985,3.662164203940613,0.046162804379306,1
13.040007114410400,-11.428114104138425,9.218945682278299,1.631677390371051,-0.108528095062985,-1.365937724978485,0.376056149815648,1.139425883361932,-1.862262302350874,-1.194980384035208,-6.611725130914351,5.204306138794690,-1.358716123207616,3.662430896245633,0.007526100177030,1
13.050000190734863,-11.429142751859725,9.205205306709072,1.635375030890533,-0.097483955283992,-1.384280332385906,0.364051809683586,1.070135478373037,-1.808737558264858,-1.207481111037146,-7.248685116547731,5.505365895946794,-1.144580094672485,3.662318203875839,-0.029995385746102,1
13.059991598129272,-11.430064672749401,9.191283372057400,1.638952388456229,-0.087162358967086,-1.402074743181404,0.351932270375228,0.994739363367320,-1.752317624290422,-1.217876408515216,-7.833102928799456,5.783200114030575,-0.937133982647064,3.661833175963471,-0.066994531521719,1
13.069999694824219,-11.430888442154815,9.177165845380847,1.642413096130021,-0.077609204122432,-1.419316498415724,0.339701266982162,0.913636388968814,-1.693144917678343,-1.226242849484030,-8.367606814146615,6.039295259114192,-0.736071996334227,3.660979548504765,-0.103521335310190,1
13.079965591430664,-11.431617966909990,9.162936982263318,1.645737750015859,-0.068927141761276,-1.435887504188399,0.327446455164964,0.827789575456090,-1.631769889324705,-1.232608590357265,-8.851345148786798,6.273445479075511,-0.542438088140260,3.659768678885971,-0.139376817893498,1
13.089957475662231,-11.432266905301695,9.148507972022109,1.648948244852511,-0.061104592312548,-1.451876635746884,0.315105263078986,0.737111910999899,-1.567990484014427,-1.237086500446599,-9.289523281599381,6.488352956955334,-0.354881667576883,3.658198471295027,-0.174802269338159,1
13.099960327148438,-11.432842802466247,9.133908061964961,1.652038182663037,-0.054203012053977,-1.467232701249718,0.302716460605315,0.642187639136453,-1.502093133384247,-1.239724668962183,-9.682996365115045,6.684617317194671,-0.173704924550725,3.656274836336411,-0.209736533935353,1
13.110065698623657,-11.433359427581122,9.119005590853536,1.655033923000719,-0.048210902698213,-1.482068064595959,0.290182615552446,0.543459209604086,-1.433799655635121,-1.240623375425689,-9.850083275516997,6.828258188292734,-0.006090620200602,3.653986686009883,-0.243026031526464,1
13.120148420333862,-11.433819578916848,9.103990958850225,1.657896631445697,-0.043234560407909,-1.496175065033441,0.277676433536940,0.443440047418776,-1.364308898943358,-1.239888316136159,-9.985226600513956,6.953293090072086,0.150110507854961,3.651371098342050,-0.275728893775005,1
13.130002260208130,-11.434225635995094,9.089184205969373,1.660572391686636,-0.039351873927249,-1.509278158245348,0.265469586625013,0.344520250108716,-1.295264443112155,-1.237699263963137,-10.089686997708563,7.059178337543915,0.292599688950596,3.648498914081561,-0.307205573835120,1
13.140036106109619,-11.434604872289343,9.073975243182147,1.663174004114399,-0.036404189228221,-1.521918552743574,0.253066859485467,0.242853030505714,-1.223952862681762,-1.234076478123997,-10.169334789448433,7.151488676502136,0.427836259298082,3.645257443183441,-0.338773469058105,1
13.149993658065796,-11.434956996796775,9.058761526738676,1.665632767658308,-0.034491148931333,-1.533749974961126,0.240802082341730,0.141306273408423,-1.152347770833520,-1.229187594198164,-10.222969604994388,7.228599644699665,0.552601604603572,3.641730239751857,-0.369610390957521,1
13.160001516342163,-11.435296804281275,9.043355845161036,1.667981167562899,-0.033589531428466,-1.544919130271133,0.228530491532599,0.038830477016613,-1.079675821837445,-1.223067782561557,-10.252638061334737,7.292537542293783,0.668951899102181,3.637878279008298,-0.400113343997573,1
13.169999599456787,-11.435632426957325,9.027855756689345,1.670205175225257,-0.033714068472924,-1.555349200027041,0.216336563262158,-0.063810878685422,-1.006540995366424,-1.215822942048261,-10.305185884731026,7.314733495434258,0.783370095915845,3.633728200714712,-0.429555748650173,1
13.180145263671875,-11.435979545481048,9.012025919816811,1.672337522774956,-0.034893990189740,-1.565185007531793,0.204044260797072,-0.169003116732703,-0.932535523180654,-1.207247139889381,-10.427517138993760,7.275113332514378,0.906079616148941,3.629226450265727,-0.457833685473026,1
13.190249919891357,-11.436342580385364,8.996163154294125,1.674337939809116,-0.037135908583593,-1.574237587425730,0.191893121640167,-0.274874852625835,-0.859204825666147,-1.197502474938788,-10.522085575981341,7.238984323203129,1.021453530457711,3.624459571760738,-0.485547981557578,1
13.200026512145996,-11.436720421157229,8.980732539288251,1.676156934177962,-0.040327264116916,-1.582292245308458,0.180236146251225,-0.378090043204618,-0.788590610963009,-1.186996416455730,-10.588671207057970,7.207072196685614,1.126751729991973,3.619583250796542,-0.511931881831572,1
13.210002422332764,-11.437143258094515,8.964910822542320,1.677895959780456,-0.044626420445080,-1.589800525345650,0.168453388239803,-0.483951946186593,-0.716848739593462,-1.175246907001453,-10.632357724855174,7.177469137780813,1.227960026834924,3.614344170228298,-0.538416547441461,1
13.219993591308594,-11.437615087334660,8.948991127645241,1.679520667727147,-0.049993199790838,-1.596605361166314,0.156773365686202,-0.590309339257213,-0.645268454054154,-1.162496372402418,-10.652549241798454,7.150683488780524,1.323211344395037,3.608833671554418,-0.564504844472790,1
13.230013132095337,-11.438147413200520,8.932962683208695,1.681033338314936,-0.056442591520151,-1.602712136565160,0.145193628089151,-0.697049275868243,-0.573744911164439,-1.148784911180602,-10.650096687358218,7.126575541223581,1.412750281158965,3.603048382539364,-0.590222470610595,1
13.240000724792480,-11.438747606424329,8.916929547313943,1.682426286302387,-0.063931250551774,-1.608086766673546,0.133792631062098,-0.801725902802314,-0.502614846001499,-1.134426072730691,-10.123474099818969,7.127090634381165,1.441653013101167,3.597031756059742,-0.614172376206259,1
13.250026226043701,-11.439430541176932,8.900782840887361,1.683710913890435,-0.072464698937151,-1.612767519210737,0.122491294658854,-0.899226951967705,-0.431085489046041,-1.119989886085261,-9.336670359313821,7.141769798062733,1.438533658470160,3.590759032322063,-0.637055601550717,1
13.260082721710205,-11.440206343030917,8.884542693105503,1.684886409893648,-0.081967846273734,-1.616741513422553,0.111300314843599,-0.989415706274607,-0.359185724630506,-1.105527824098811,-8.608889917525019,7.156749182069701,1.437890163385704,3.584238428244171,-0.659610845001979,1
13.270001649856567,-11.441069398790086,8.868490231780685,1.685936215934086,-0.092193968444932,-1.619951879658846,0.100405674943293,-1.071482912709206,-0.288126470929975,-1.091259674642147,-7.948319954543973,7.171606054952387,1.439484877826906,3.577587250495569,-0.681464815071030,1
13.279994010925293,-11.442045446783245,8.852289509686770,1.686885286884171,-0.103287305161092,-1.622472713902142,0.089573074327410,-1.147809965684853,-0.216388962597200,-1.076858901283649,-7.337253445048034,7.186494894368798,1.443126657472448,3.570669277098322,-0.703088846557166,1
13.289993762969971,-11.443136880708428,8.836055564211666,1.687727395852349,-0.115122425700092,-1.624276997301000,0.078876989278846,-1.218339988746752,-0.144452224869954,-1.062401995717875,-6.777483575117156,7.201156778917354,1.448617810281762,3.563532012386181,-0.724333689963196,1
13.299994468688965,-11.444350098014253,8.819807175437502,1.688463270418064,-0.127635668150585,-1.625361204002492,0.068325772613027,-1.283519149892936,-0.072370705795917,-1.047881748802166,-6.266579533881099,7.215426510927058,1.455763602325766,3.556184278496031,-0.745183725924255,1
13.309997320175171,-11.445692192048631,8.803544936936817,1.689094601337735,-0.140781836474727,-1.625733910721206,0.057917525016317,-1.343977848484551,-0.003120899818550,-1.032803165414279,-5.824552876683604,6.632696993774760,1.558742151046844,3.548654823655254,-0.760048363981648,1
13.320157766342163,-11.447192933305848,8.787028116385700,1.689630024321521,-0.154730138163853,-1.625432928562553,0.047506237765370,-1.400973332255884,0.061437453854234,-1.016450289539359,-5.398551972289046,6.083057333567766,1.659508765183034,3.540857298901296,-0.774817790000239,1
13.330098152160645,-11.448801093880453,8.770874696388859,1.690052311858613,-0.168916475679355,-1.624529989974372,0.037485888387620,-1.452654772695577,0.119414846923999,-0.999482205873896,-5.003200047227712,5.589025235402913,1.753747911786744,3.533084656079716,-0.788987334225401,1
13.340107917785645,-11.450565634559545,8.754619268125809,1.690377781760309,-0.183702544305148,-1.623062333286997,0.027569993424937,-1.500833124311321,0.173049204236497,-0.981469239175577,-4.625792581242127,5.133497578432338,1.844360321422166,3.525116259317007,-0.802976584940425,1
13.349994182586670,-11.452455746682043,8.738583283615517,1.690602674426991,-0.198759671308775,-1.621107598318566,0.017958926532059,-1.544802222500675,0.221738742252892,-0.962811208894569,-4.272840628924601,4.723356084272733,1.929670774192574,3.517111055129399,-0.816515619221597,1
13.359993696212769,-11.454521177049617,8.722384852912647,1.690734444118235,-0.214414855956671,-1.618660603971525,0.008429142875649,-1.585824206112055,0.267056762704996,-0.943101357984985,-3.935136935413063,4.347009551213133,2.011797479611588,3.508878986512331,-0.829931422128504,1
13.370041847229004,-11.456755753671017,8.706138746177890,1.690771877131583,-0.230538568800562,-1.615764350579342,-0.000941987758945,-1.623897688136655,0.309053198961288,-0.922514908221868,-3.715980836000867,4.048780056979897,2.077984763372716,3.500475270237508,-0.843189602554164,1
13.380066633224487,-11.459149781623559,8.689952642243092,1.690716400911130,-0.247009108008618,-1.612464883747212,-0.010087517070093,-1.661108036270763,0.348714172598087,-0.901484200272667,-3.704021102039922,3.865300818093406,2.116138042419205,3.491954237131333,-0.856271529123682,1
13.392789125442505,-11.462426393268633,8.669477566617500,1.690515967398643,-0.268431059396788,-1.607723666876296,-0.021378726909157,-1.708045411123723,0.396551333979945,-0.874285878142870,-3.675864303324635,3.664198664251694,2.160904761857686,3.480962250342516,-0.872456709589848,1
13.400018930435181,-11.464413441784526,8.657856213775283,1.690338545351360,-0.280884877924952,-1.604759585182828,-0.027647462360043,-1.734562831366762,0.422696138979245,-0.858565159022771,-3.653676402810671,3.564839109909312,2.184592324122991,3.474617311283514,-0.881463620421833,1
13.410000085830688,-11.467304216446765,8.641859355114137,1.690020162631037,-0.298380490524750,-1.600364763901850,-0.036108196863228,-1.770852349402718,0.457664956167682,-0.836604184720828,-3.616090046391339,3.444870003081979,2.215176739994099,3.465757603290609,-0.893649797494380,1
13.419999122619629,-11.470376935625621,8.625880316912443,1.689617653009297,-0.316267784025027,-1.595617990422696,-0.044362409168152,-1.806790024718975,0.491590037924406,-0.814310893072074,-3.570711919022804,3.343738179161451,2.243405516230053,3.456761883821865,-0.905577914387794,1
13.430020332336426,-11.473637641327352,8.609915535412194,1.689132576963769,-0.334552445393059,-1.590525232909031,-0.052409699311987,-1.842314183394898,0.524666862885195,-0.791697483370979,-3.517891781579342,3.260586142072721,2.269308473244700,3.447628170296144,-0.917251724911767,1
13.440004587173462,-11.477070135668958,8.594062768763967,1.688570250923182,-0.353119359485191,-1.585126922407407,-0.060200376906160,-1.876827842539978,0.556344916505991,-0.768941585651155,-3.363950313875512,3.035932826943458,2.286822749924050,3.438415764629727,-0.927965376006839,1
13.450119018554688,-11.480738309929066,8.578059079974581,1.687922421219362,-0.372271014403500,-1.579349387515297,-0.067860604446367,-1.909827346582599,0.585621884328617,-0.745752046212834,-3.161857368031941,2.758790602960694,2.297985108077920,3.428977778355440,-0.938232694393809,1
13.460169315338135,-11.484576351569707,8.562217682824778,1.687203199289020,-0.391619845456761,-1.573329190385657,-0.075238746526113,-1.940607470941204,0.612098741815844,-0.722618465845288,-2.964520327825793,2.515845937164165,2.305418438008227,3.419498981820165,-0.948175311294713,1
13.472481489181519,-11.489546629486423,8.542891496264360,1.686222673519744,-0.415734442462703,-1.565608063711269,-0.083961862571790,-1.975646706164523,0.641457241704211,-0.694198379869885,-2.727508700767622,2.260135620330722,2.309776182122204,3.407750285632461,-0.960006677114192,1
13.479988098144531,-11.492723340859845,8.531156946313676,1.685572987499509,-0.430640834995943,-1.560730357942166,-0.089108016603891,-1.995587978340200,0.657909918266390,-0.676857364116053,-2.585648417355245,2.125909926417555,2.309973354536651,3.400517211926564,-0.967029626981077,1
13.490025281906128,-11.497146390295853,8.515526212425616,1.684644956695571,-0.450796571643598,-1.554022911034220,-0.095784960797842,-2.020599807242093,0.678445794577811,-0.653683429298526,-2.399147788567484,1.970912551575862,2.307451304695240,3.390765443460061,-0.976194406594164,1
13.500127077102661,-11.501804083633004,8.499861633863921,1.683644326749216,-0.471328985528514,-1.547070635753858,-0.102271137219338,-2.043904600319541,0.697683296485543,-0.630398249641920,-2.217348144980745,1.847187948011590,2.301834444044760,3.380857923938785,-0.985142867550505,1
13.510013103485107,-11.506563896277481,8.484601669919883,1.682602836490675,-0.491645766403827,-1.540072489841318,-0.108390890970421,-2.066525140986062,0.719132591588094,-0.607674776670892,-2.355805618663001,2.484911502124705,2.294770677295890,3.371088622392203,-0.991213349038531,1
13.519994020462036,-11.511573933282524,8.469267687306280,1.681491189800569,-0.512389516804966,-1.532761499364057,-0.114341477562049,-2.090656666650915,0.746965182320960,-0.584820091362461,-2.477031762522219,3.085546789802925,2.284764383342002,3.361166282714013,-0.997161039680430,1
13.530004262924194,-11.516808369502710,8.453961974030655,1.680317655786224,-0.533443911336077,-1.525119885223346,-0.120081532550059,-2.115986390473383,0.780692446856632,-0.562010302558636,-2.580677173455397,3.645948897368851,2.271968224563778,3.351155121407529,-1.002944473330372,1
13.540159463882446,-11.522335427633593,8.438514267345662,1.679069560155616,-0.555067849766046,-1.516994170788207,-0.125672223112840,-2.142654216951792,0.820430402284837,-0.539014228495025,-2.668242772492695,4.172972148857295,2.256306726896237,3.340940535524866,-1.008625223276577,1
13.550058364868164,-11.527935401114544,8.423538582783374,1.677799498807214,-0.576409691946679,-1.508660450701325,-0.130897605658207,-2.169421635240206,0.864119823713488,-0.516765057959966,-2.737296160330970,4.647892308210348,2.238580535192455,3.330929596436175,-1.013981494747285,1
13.560002803802490,-11.533774907017410,8.408580023730920,1.676472674561001,-0.598118624363129,-1.499830477295584,-0.135925941999865,-2.196921720193476,0.912556005647197,-0.494602865643383,-2.791189987015726,5.087849916962997,2.218460898527457,3.320820594804625,-1.019182397290693,1
13.570001363754272,-11.539864921799769,8.393631779991793,1.675089390760105,-0.620222889461555,-1.490445708672657,-0.140760300063248,-2.225124257929707,0.965668547026237,-0.472550536557813,-2.883356389904606,5.604956812217906,2.186166351426580,3.310605273880582,-1.024562836811816,1
13.579959630966187,-11.546152538005499,8.378837296652193,1.673664485113481,-0.642528730180181,-1.480539311353779,-0.145358842863328,-2.254688953237851,1.024876063416140,-0.451027600962754,-3.046733218490001,6.270755874083752,2.136983300788069,3.300372468701152,-1.030393623935790,1
13.590011596679688,-11.552725486755257,8.364008181858818,1.672180952141796,-0.665348403380649,-1.469910522814202,-0.149785265906557,-2.285964576668033,1.090924282893543,-0.429776282101463,-3.169390921454842,6.857031090184654,2.092179487636635,3.289986511675582,-1.036074058750745,1
13.600056648254395,-11.559525308029853,8.349298031066247,1.670654910073940,-0.688474154059741,-1.458596525029856,-0.153997826311314,-2.318253528315368,1.162412585627501,-0.408965050262097,-3.252687112830738,7.362557490383567,2.051799726657205,3.279550697897037,-1.041545706940802,1
13.609992742538452,-11.566480852491114,8.334864225552563,1.669104957011167,-0.711669450520270,-1.446676235184333,-0.157960574213422,-2.350831979417538,1.237742242060496,-0.388760771748473,-3.299393203855541,7.788857033271037,2.015753007170884,3.269176001714134,-1.046755490317022,1
13.620024681091309,-11.573739301825382,8.320414526323987,1.667501043031348,-0.735419815509433,-1.433860691056491,-0.161759819439362,-2.384029140011462,1.317749697228310,-0.368706132174147,-3.313432112858779,8.150161243299824,1.982863502609367,3.258649230472773,-1.051811959952110,1
13.630151033401489,-11.581309046702454,8.305964073669804,1.665844483248877,-0.759730483791384,-1.420093769330683,-0.165392246181960,-2.417521606579930,1.401848274908904,-0.348782012609864,-3.296693542626912,8.449569186806015,1.952827947693917,3.247973497323341,-1.056708088578284,1
13.640015840530396,-11.588921422836176,8.292025361971623,1.664196341744381,-0.783737068576335,-1.405852089352403,-0.168738150033351,-2.449652595004760,1.485624687302817,-0.329639595695346,-3.196050421241027,8.455194005718878,1.929578925778850,3.237533322711506,-1.059400051382459,1
13.650030136108398,-11.596893745325664,8.278021984752108,1.662490258934642,-0.808427780256652,-1.390551804738616,-0.171943033331696,-2.480977351239668,1.569727966135654,-0.310430636814505,-3.059264000684189,8.341062421903043,1.906183936199561,3.226915248127107,-1.061060158543061,1
13.664972543716431,-11.609252245867982,8.257423648554649,1.659887414983307,-0.845833380110509,-1.366171333667184,-0.176370213367042,-2.525140393300229,1.693117487319310,-0.282231733651365,-2.851073084999313,8.175100900310165,1.867424483039142,3.211043432710484,-1.063288995309015,1
13.669992208480835,-11.613530123328221,8.250587105591844,1.658998536846877,-0.858544965738685,-1.357569274129021,-0.177763518572141,-2.539274690540844,1.734018199970809,-0.272892346952840,-2.780153642672882,8.120401318997002,1.853441376482796,3.205704098811494,-1.063971104243732,1
13.680002689361572,-11.622252470964623,8.237085100777337,1.657205630977299,-0.884101860925988,-1.339805419463887,-0.180402977222816,-2.566393054859072,1.814768877934921,-0.254482885231640,-2.637439332771358,8.012746401510789,1.824219596738770,3.195046563952277,-1.065231263786194,1
13.690002441406250,-11.631221149459066,8.223780703720228,1.655389399558258,-0.909892153352399,-1.321261140013110,-0.182856818578977,-2.592045237693239,1.894356428557096,-0.236395775677987,-2.493380962666604,7.906947780556058,1.793371909791098,3.184389793402911,-1.066356815349074,1
13.701046466827393,-11.641428872643329,8.209305648669636,1.653355864001619,-0.938668192015486,-1.299859488491153,-0.185358979979935,-2.618693627662094,1.981045427115971,-0.216780776632898,-2.325165744911936,7.791283128928884,1.767706501933655,3.172606499270981,-1.067460781958223,1
13.710004091262817,-11.649941525351680,8.197743626965948,1.651687183002035,-0.962213536853894,-1.281804707863882,-0.187228840151537,-2.638617860327255,2.050392087012430,-0.200659061717202,-2.124602284591277,7.693845693422069,1.831219441534880,3.163041461045677,-1.068367368308982,1
13.719998359680176,-11.659691448356190,8.185035101253437,1.649806028213444,-0.988690208351201,-1.260927544604705,-0.189141948434166,-2.658757183608680,2.126758081422070,-0.182030008022000,-1.906006892664614,7.586528011666345,1.895066366586381,3.152358124618446,-1.069247087512173,1
13.729999303817749,-11.669711345248015,8.172533730986380,1.647905872850078,-1.015368840364604,-1.239282955577699,-0.190866480504293,-2.676746166986409,2.202090399286066,-0.162790483353196,-1.692786193321268,7.480523918781745,1.951756837779134,3.141662099029063,-1.069987846425303,1
13.739995479583740,-11.679996401110825,8.160255451357420,1.645989902384792,-1.042210368011884,-1.216895768368786,-0.192395563421703,-2.692626582057813,2.276351325941725,-0.143023748559650,-1.485030892967697,7.375763107234017,2.001494735437573,3.130961915339953,-1.070589110660591,1
13.750024080276489,-11.690584721117808,8.148166540850532,1.644053451737492,-1.069286832007878,-1.193696316089978,-0.193728579973412,-2.706497797698254,2.349802754811906,-0.122728124061799,-1.281997610487353,7.271752231900549,2.044661817412171,3.120222198859354,-1.071052326424281,1
13.760031700134277,-11.701420428662491,8.136340477202948,1.642109072983598,-1.096430723360492,-1.169820271589259,-0.194853672715507,-2.718334988108600,2.422053532323094,-0.102079505533517,-1.084744779622849,7.168923535278921,2.081251685887108,3.109502806055844,-1.071374777441247,1
13.770414829254150,-11.712952070519943,8.124325429414252,1.640080675979844,-1.124711480961518,-1.144285828228012,-0.195800917841452,-2.728370399688814,2.496123085129090,-0.080367947272703,-0.784686319746924,7.159063692821826,2.076401967568898,3.098376952430655,-1.071571803214140,1
13.780037641525269,-11.723896714869635,8.113435357935606,1.638193901803402,-1.150984674752477,-1.119942921000395,-0.196478916377484,-2.733856664195486,2.565635062513456,-0.060711198428570,-0.360484021418071,7.289957933005302,2.010951736690534,3.088069363023924,-1.071632005567645,1
13.789996623992920,-11.735499461479064,8.102406129102192,1.636233737868867,-1.178232497320268,-1.094018322822366,-0.196985075895780,-2.735373637818378,2.638826013939502,-0.041009338703099,0.051370454430440,7.398408619060629,1.944334710073434,3.077393191939958,-1.071551286151799,1
13.799994945526123,-11.747415356905499,8.091601933187180,1.634262677266945,-1.205569923272566,-1.067265801644951,-0.197298994162698,-2.732907710498571,2.713224303332858,-0.021900201926614,0.437492708849317,7.480883019264174,1.878703267702088,3.066681513853032,-1.071323939172622,1
13.810120820999146,-11.759763999196364,8.080934336649950,1.632263863443821,-1.233216838525435,-1.039404751496259,-0.197425560997411,-2.726609948097854,2.789296885722446,-0.003206223916460,0.801885214584319,7.538925166358916,1.813479514907300,3.055834195258946,-1.070944187301724,1
13.821005105972290,-11.773347997954673,8.069788002368318,1.630115223473953,-1.262839231325647,-1.008597857264161,-0.197354402416600,-2.715881021831833,2.871569790843326,0.016157114882369,1.164684174458200,7.574286505412683,1.744804132142815,3.044180709923085,-1.070368311328193,1
13.829991579055786,-11.784805982059332,8.060841130691772,1.628342565195827,-1.287194590360646,-0.982486551735004,-0.197139506090224,-2.704151716570285,2.939690658776355,0.031586268178215,1.442548941760799,7.583555959261884,1.689227993749047,3.034564510008625,-1.069761886429571,1
13.840033769607544,-11.797867705676106,8.051124773313733,1.626364821630113,-1.314272431498976,-0.952585762671950,-0.196738241310691,-2.688733188438445,3.015359183349289,0.048218040619519,1.572775668376186,7.440607577322431,1.621214469771104,3.023830419686367,-1.067700440376986,1
13.850063800811768,-11.811185517568095,8.041722786106233,1.624394132500092,-1.341161892952002,-0.921969390940439,-0.196174202469690,-2.672724813325825,3.088942818087076,0.064131238988713,1.619011370936992,7.232286783765083,1.552195019968760,3.013134736234465,-1.064914314512442,1
13.859993457794189,-11.824634291878279,8.032721400097975,1.622449602135810,-1.367620576661237,-0.890944025838887,-0.195461969863980,-2.656425022806732,3.159755337605920,0.079215650157782,1.663892743757118,7.031410393141300,1.486486115760552,3.002574580145442,-1.062063431195293,1
13.869992017745972,-11.838440699775111,8.023972553033724,1.620499514908730,-1.394096459733094,-0.859003629241388,-0.194596717373754,-2.639566710751780,3.229067837602697,0.093757890458309,1.708184793733577,6.834247469023999,1.422869097516797,2.991970467305447,-1.059099572489609,1
13.887451171875000,-11.863181898433675,8.009472826760378,1.617117456905278,-1.439918105763923,-0.801600714011169,-0.192748305070100,-2.609082203620560,3.345465275159377,0.117671519806018,1.783350981283257,6.501421208000076,1.317656174994178,2.973525705864780,-1.053699520370807,1
13.891553640365601,-11.869110706418134,8.006212700020980,1.616327764209187,-1.450606107356659,-0.787822356096082,-0.192254569142771,-2.601731039429160,3.371979044689962,0.123028158125676,1.800607682767715,6.425215616230706,1.293982550114076,2.969205869932718,-1.052389348756460,1
13.900488615036011,-11.882174770319201,7.999309246279057,1.614615128856871,-1.473778905359490,-0.757441156061427,-0.191104402471678,-2.585477531560452,3.428650137644807,0.134362807502328,1.837320542756535,6.252492020029227,1.240672282432648,2.959816267446556,-1.049338232489580,1
13.909994363784790,-11.896300689121984,7.992264988344389,1.612804782358307,-1.498272348496427,-0.724572165343747,-0.189772866151794,-2.567874586589121,3.486396612512814,0.145610579361961,1.864942356006535,5.901574276402044,1.126726661132128,2.949870590842984,-1.043220732825814,1
13.919992208480835,-11.911407846868677,7.985196205807141,1.610914967829923,-1.523851368824967,-0.689427419685598,-0.188262726180230,-2.549120268633980,3.543665304191366,0.156299384286078,1.885410170453512,5.559375105934564,1.012489285065564,2.939473081126104,-1.036777540715706,1
13.931285619735718,-11.928779802468272,7.977637357923532,1.608798997881730,-1.552519663849031,-0.649059689815433,-0.186435604098287,-2.527742130024066,3.604414375053596,0.167036592087954,1.898818369442379,5.204080590551622,0.890133486296997,2.927805231439737,-1.029487794811784,1
13.939990758895874,-11.942392145619964,7.972123602238008,1.607182253867128,-1.574454992556271,-0.617484476657833,-0.184948737103265,-2.511189532333607,3.648610360776751,0.174393290192032,1.902720217164021,4.951528750367144,0.800501072406536,2.918866663590378,-1.023859918724127,1
13.949987411499023,-11.958256202502120,7.966134084280748,1.605342272228986,-1.599462818645060,-0.580768621154017,-0.183167087375702,-2.492172819595189,3.696747656242307,0.181901142433469,1.900917300917534,4.683116548022171,0.702463852657080,2.908664069248378,-1.017389340835853,1
13.959991931915283,-11.974381690730262,7.960509807481881,1.603519076393546,-1.624299609046142,-0.543556057452456,-0.181313761763375,-2.473190679732867,3.742345236095520,0.188459008582309,1.893012400439198,4.436217987457865,0.609408298010977,2.898518491769816,-1.010904431514575,1
13.969990253448486,-11.990744084255072,7.955263304917351,1.601715888981611,-1.648931192739451,-0.505923674701546,-0.179400673397107,-2.454328659363008,3.785582636676397,0.194090263306025,1.879103678754720,4.230247744344341,0.511034031859918,2.888443301854344,-1.005019652580076,1
13.980051517486572,-12.007458322757248,7.950365390180664,1.599920797010458,-1.673530012144693,-0.467624422538069,-0.177423982743204,-2.435505960491284,3.827371621236590,0.198646634446975,1.862605117505612,4.078414451898000,0.395354709139246,2.878355217294564,-1.000306020618588,1
13.990013122558594,-12.024250713106831,7.945897463579620,1.598163202453837,-1.697700559460909,-0.429295816731225,-0.175427276433752,-2.417029385680849,3.867294127686315,0.202030946319497,1.846891547434463,3.938069919665232,0.284732816562158,2.868413475817416,-0.995604753450778,1
14.000125646591187,-12.041543251371081,7.941754334099485,1.596399440416264,-1.722050370292180,-0.389985865120647,-0.173371391799810,-2.398428719460304,3.906440126153889,0.204359394245429,1.831733189039185,3.804975102231876,0.176409243849583,2.858368965972702,-0.990797444045881,1
14.010011911392212,-12.058683563402747,7.938090593802110,1.594695578601613,-1.745670884305899,-0.351184653562270,-0.171344244380999,-2.380390522918416,3.943446277859939,0.205595877083033,1.817837537415695,3.683264838746288,0.074385576327183,2.848597754761688,-0.986064568674141,1
14.020118713378906,-12.076448398480229,7.934743200992742,1.592974304873425,-1.769636967713313,-0.311141973304198,-0.169264205062064,-2.362084849974616,3.980077544968030,0.205837097074132,1.804718312846693,3.566656816482427,-0.025990955145544,2.838656159046628,-0.981191106368581,1
14.029992341995239,-12.094036413197532,7.931865609729420,1.591313038487535,-1.792872099378068,-0.271671119140085,-0.167234610453439,-2.344323693284893,4.014760751016965,0.205112127672649,1.793098770740295,3.459682729673383,-0.120226297837599,2.828991652496764,-0.976396349006567,1
14.040014028549194,-12.112121873242174,7.929345136930953,1.589647303073655,-1.816276869470119,-0.231263788445615,-0.165186134076001,-2.326407670185486,4.048778849574544,0.203645745981757,1.782419067223053,3.316946383519186,-0.151757337615439,2.819230457522556,-0.971602128984432,1
14.050012588500977,-12.130396701087378,7.927235895264506,1.588005950324676,-1.839447012105180,-0.190621490431973,-0.163157724412000,-2.308635527123673,4.081185496491170,0.202120398941802,1.773011014446726,3.168353452021192,-0.153701332169096,2.809540294527579,-0.966843420925530,1
14.060048103332520,-12.148972897753483,7.925528913968713,1.586378692044436,-1.862526763009235,-0.149506481506403,-0.161137090735602,-2.290883225443843,4.112296536506220,0.200560193269650,1.765062707658073,3.034058950803629,-0.157528846289580,2.799861383853932,-0.962037439498252,1
14.069989204406738,-12.167601824124120,7.924246320662949,1.584786658225182,-1.885214100004825,-0.108476840265381,-0.159151121913882,-2.273368607710859,4.141853949137852,0.198968164944577,1.758811034730993,2.914422357646509,-0.163026671903075,2.790321226981122,-0.957247798244758,1
14.079986333847046,-12.186562318881967,7.923369302185331,1.583205481659763,-1.907853990945406,-0.066925407861773,-0.157170222977580,-2.255809260189754,4.170440375663429,0.197304099212736,1.754289055108280,2.806303721745991,-0.170124608286692,2.780775466097963,-0.952402182881325,1
14.089992046356201,-12.205763923810929,7.922908896424405,1.581642766334611,-1.930336673504255,-0.025059371034198,-0.155204754224292,-2.238271533074368,4.198023902780922,0.195560342559899,1.751664739880221,2.709122085392869,-0.178663780119302,2.771270613022521,-0.947523541539715,1
14.100100755691528,-12.225391194658997,7.922870530658848,1.580083807180926,-1.952873231219328,0.017514107218494,-0.153237184061080,-2.220569266407825,4.224955935882288,0.193705067552324,1.751068698483355,2.620935063724394,-0.188610497776189,2.761717410139790,-0.942565002151828,1
14.110051155090332,-12.244930824071560,7.923254324494257,1.578568740777794,-1.974880774066955,0.059676047833360,-0.151318439935912,-2.203384228118340,4.249907637403501,0.192077722975598,1.702963883879453,2.398575735232764,-0.138334685617139,2.752369734543415,-0.936462327055395,1
14.120029211044312,-12.264746177296747,7.924061752305784,1.577068382233004,-1.996782822088446,0.102198925764299,-0.149407894520750,-2.186635234720030,4.272842518826211,0.190944464530070,1.654134907553163,2.202931135375469,-0.089083291927060,2.743055976747332,-0.930342870288740,1
14.130032300949097,-12.284830263343673,7.925298260780469,1.575583311571387,-2.018575020650359,0.145049877422940,-0.147501423390414,-2.170331478060359,4.294008911688487,0.190293360201222,1.605568691519543,2.033017475052544,-0.041372130367631,2.733779874716443,-0.924217694652280,1
14.140029191970825,-12.305117435183613,7.926963162884750,1.574118294429244,-2.040191642979505,0.188074650556276,-0.145600421088378,-2.154519903468890,4.313584075420793,0.190111013266723,1.558016490318666,1.887116666048236,0.004604052401255,2.724571345210494,-0.918106534845639,1
14.150030136108398,-12.325630732525296,7.929060336652450,1.572671525690158,-2.061663775471550,0.231310910387030,-0.143697974560167,-2.139168494899774,4.331819915023039,0.190379883927706,1.511986174777532,1.762783030879563,0.048867670232537,2.715419074318851,-0.912001955159153,1
14.160098075866699,-12.346495104012369,7.931608934518014,1.571234475872050,-2.083124415677795,0.275009854963989,-0.141778080041792,-2.124170894906847,4.349020387778610,0.191088677330810,1.467759370273490,1.657283599405424,0.091636626978971,2.706268201285088,-0.905867098816093,1
14.170065402984619,-12.367362558219227,7.934566198065992,1.569830902928741,-2.104223441501788,0.318436815148133,-0.139868366861725,-2.109695141429350,4.365200377852451,0.192141575108876,1.460144228576121,1.637170135439749,0.092858679223623,2.697268864930272,-0.900370050488050,1
14.180056810379028,-12.388491770014879,7.937965992144965,1.568443023806762,-2.125228305457810,0.362134963837567,-0.137945284343867,-2.094780901124160,4.382131067874983,0.192675741742592,1.525945625999522,1.748656218956166,0.014815443158390,2.688294603052297,-0.896021400046174,1
14.190000057220459,-12.409724693835038,7.941783319606799,1.567081053643110,-2.145978684764102,0.405791415529731,-0.136030138198158,-2.079267800047944,4.399989812019142,0.192455261063247,1.595302833296043,1.840749534248066,-0.058446948810515,2.679407718136639,-0.891667341184949,1
14.200021505355835,-12.431338263250284,7.946071944562104,1.565727262167490,-2.166738078294825,0.449986815447592,-0.134105254788481,-2.062912262481971,4.418828417079292,0.191517347752536,1.668840801165998,1.915275598593320,-0.127991831604827,2.670492542858590,-0.887250841322135,1
14.209995269775391,-12.453050081477087,7.950779874316522,1.564399292771812,-2.187227843895055,0.494153324422639,-0.132202657641434,-2.045889659433533,4.438226525204949,0.189913180533584,1.745324980041905,1.971876282717083,-0.193017365006246,2.661665761142505,-0.882829345027239,1
14.219998836517334,-12.475031181504050,7.955945313753430,1.563086324429525,-2.207604424131948,0.538648692271568,-0.130313632550353,-2.028034588567424,4.458164616632678,0.187673171790232,1.825068332958297,2.011746304333915,-0.254178779089425,2.652857032755966,-0.878367630021375,1
14.230105876922607,-12.497445201584759,7.961617093492924,1.561778870485204,-2.228005789189945,0.583807565233847,-0.128430927708186,-2.009170861673465,4.478629845904494,0.184809003595832,1.908429804619123,2.035532054966605,-0.311967916965824,2.644002857880260,-0.873832401861800,1
14.240173339843750,-12.519977055239400,7.967721863859708,1.560495208760794,-2.248133479241663,0.628999099306649,-0.126586097837668,-1.988909160034100,4.499064354477751,0.181835732497497,2.174439682039361,2.012724441914750,-0.236982546831818,2.635206713891723,-0.875648590719431,1
14.250030279159546,-12.542234652401637,7.974141234228658,1.559256168948489,-2.267628366827837,0.673446552656217,-0.124803009793070,-1.965823862013346,4.518737381869151,0.180145562238793,2.506828295376982,1.979845229647501,-0.106671408449884,2.626552028508037,-0.880257279140090,1
14.260058879852295,-12.565074756192280,7.981122694895200,1.558013586453306,-2.287211752488957,0.718863329714853,-0.122999558221101,-1.939050205959762,4.538452723845467,0.179721494575792,2.830020655682968,1.952876683654635,0.021328632760804,2.617701228922245,-0.884785324227180,1
14.270128488540649,-12.588204995398623,7.988592156073883,1.556784091816649,-2.306589365979081,0.764664567240616,-0.121186553064736,-1.908979922207215,4.558005186740215,0.180563754463389,3.139739679236394,1.931207507399110,0.145163497324741,2.608769156267472,-0.889168931729007,1
14.280028104782104,-12.611132367662130,7.996385701105956,1.555593267551124,-2.325328884118815,0.809881406390811,-0.119389996316833,-1.876448957414793,4.577035684294276,0.182584300583111,3.430130096665999,1.914088936515557,0.262275576466497,2.599946052446499,-0.893319062788061,1
14.290000438690186,-12.634413490300410,8.004689807927825,1.554411825531411,-2.343865784962210,0.855618969475506,-0.117554310334006,-1.840842123124744,4.596050623544367,0.185768536461079,3.708893819660451,1.899978920061082,0.375568346211205,2.591017608059060,-0.897339930384783,1
14.300225496292114,-12.658474648254760,8.013678946600397,1.553219636662907,-2.362489388103187,0.902711853212421,-0.115633268103972,-1.801518329017525,4.615413401522110,0.190181805049135,3.972166720858641,1.887773789264363,0.488186003909456,2.581822126471727,-0.900996386690589,1
14.309997081756592,-12.681645880934289,8.022720740494339,1.552098851544486,-2.379907123268577,0.947902775914086,-0.113748763063266,-1.763697065764797,4.633785371929155,0.195798917097572,3.771923052096795,1.868695192436659,0.659451997009313,2.573078476448035,-0.888582461804279,1
14.319995880126953,-12.705529635597944,8.032430572679804,1.550971404999307,-2.397356593450246,0.994327865686755,-0.111755278723311,-1.726925305997940,4.652278305933280,0.203217344373139,3.586529007952002,1.826634244559309,0.822365616523187,2.564256828906695,-0.875975074024258,1
14.330895185470581,-12.731758664140211,8.043543783131618,1.549765711628133,-2.415967923106103,1.045137238465360,-0.109488393923576,-1.688842084124414,4.671824444095062,0.213085282878414,3.405919518144573,1.756200137796601,0.986189203027032,2.554784532932450,-0.862342757816446,1
14.339956045150757,-12.753720057651623,8.053206394839826,1.548782449067762,-2.431133540281684,1.087542429918502,-0.107515264790286,-1.658596603578914,4.687401623878415,0.222598110987103,3.272031770599106,1.679157498540199,1.111835923037874,2.547021371023569,-0.851094803487013,1
14.352996110916138,-12.785562607345536,8.067787432838328,1.547399770308247,-2.452488904611001,1.148806641869111,-0.104513186025404,-1.617054775741313,4.708429583852133,0.238190349529704,3.103989721073063,1.540642862617487,1.276419279544541,2.536027650895184,-0.835046464462999,1
14.359992980957031,-12.802761759858784,8.075940823751360,1.546674409618701,-2.463727905253414,1.181787931315082,-0.102814685900560,-1.595616538765035,4.718909856109479,0.247406555518970,3.025255168310700,1.453632622279892,1.357087866552272,2.530214855806440,-0.826502901477075,1
14.369996309280396,-12.827480660972231,8.087996045538302,1.545658768952417,-2.479536115426291,1.229051805701791,-0.100270955142912,-1.565970428812884,4.732649363247639,0.261290667887475,2.865553020851138,1.243723390598936,1.325426296541307,2.522014575420843,-0.811470846143208,1
14.379994630813599,-12.852354425340094,8.100523680533906,1.544669309599452,-2.495057360453377,1.276435584441163,-0.097596862228158,-1.538645088241132,4.743291356224234,0.273007333525383,2.603010678473713,0.884859871843735,1.020422701661306,2.514003564890610,-0.790732685054550,1
14.389989614486694,-12.877368915120297,8.113518692424497,1.543707624807430,-2.510310174009948,1.323882949512968,-0.094822073241467,-1.513850189756652,4.750349348048584,0.281746539281241,2.361955956293947,0.527728029854487,0.730801859747662,2.506202837826445,-0.770233796359324,1
14.399992465972900,-12.902554526115448,8.126999023072692,1.542773339306558,-2.525338590766163,1.371420452055645,-0.091971890373828,-1.491344064288109,4.753848067284414,0.287669124111961,2.141372225171980,0.172144845960695,0.455827489253444,2.498599955208937,-0.749947376238510,1
14.409988880157471,-12.927874233674208,8.140946522437714,1.541868345740910,-2.540143814114858,1.418946861631125,-0.089077711657016,-1.470955518843083,4.753801340627574,0.290912942288762,1.940871566571086,-0.181119080524596,0.195525634596588,2.491203201356016,-0.729901534701390,1
14.419994354248047,-12.953361061598432,8.155380615020675,1.540991726392570,-2.554766338346047,1.466492564316271,-0.086161580238334,-1.452460689500240,4.750230553140045,0.291625172956706,1.759492321454029,-0.532279203611135,-0.050814649624115,2.484000115091924,-0.710068608583694,1
14.429992675781250,-12.978976136905118,8.170280046845601,1.540144833109913,-2.569203006369062,1.513953346483509,-0.083252355422440,-1.435697537124136,4.743165405335739,0.289944146646628,1.596821684370376,-0.880558481063887,-0.283183757633176,2.476998917407371,-0.690477469117853,1
14.443101167678833,-13.012778513936178,8.190533591782817,1.539078276535036,-2.587890867922552,1.576045279373627,-0.079477223569969,-1.415707362592786,4.729444219800591,0.286457206166004,1.475811766900963,-1.170618112479910,-0.138053063166759,2.468009267269323,-0.686574484945313,1
14.450126409530640,-13.030994543244690,8.201722713814986,1.538526974483627,-2.597800789065942,1.609241982027743,-0.077466878045411,-1.405471263350117,4.720782494374148,0.286020421073210,1.440248441195414,-1.295095085125847,0.012592381310847,2.463179260369043,-0.688414223449979,1
14.460063457489014,-13.056878171813304,8.217946686244796,1.537771314402946,-2.611696500997994,1.656085795254420,-0.074620683131377,-1.391326243663529,4.707042002766711,0.287158890957575,1.410630039287990,-1.470229724107301,0.214359700524704,2.456325862982357,-0.690932177247272,1
14.469993829727173,-13.082881661490784,8.234624073687081,1.537044504782846,-2.625443535576325,1.702753120262495,-0.071755365193871,-1.377369197378099,4.691577656827326,0.290235116882592,1.404087383773841,-1.644138997198070,0.403077439000346,2.449452563498287,-0.693349854604125,1
14.479996442794800,-13.109212256414514,8.251890891418515,1.536341341347075,-2.639150742961479,1.749597113876155,-0.068829010237058,-1.363265012811736,4.674260183450746,0.295164779751540,1.419524827061458,-1.818175371385182,0.580480975971737,2.442505322740998,-0.695685544638472,1
14.490011215209961,-13.135710243897515,8.269646372445500,1.535666956290349,-2.652731501503649,1.796313580375451,-0.065841151386897,-1.348884077890122,4.655184418332666,0.301815478757501,1.455867067805071,-1.991243425649877,0.745689965710615,2.435527065056761,-0.697923791710642,1
14.500121593475342,-13.162599051154707,8.288045357644236,1.535016838350651,-2.666293938670080,1.843274522250696,-0.062748885760597,-1.333894745372223,4.634173964780389,0.310146132233609,1.513712412904121,-2.166138055985812,0.897892103857741,2.428459803298456,-0.699921650805701,1
14.510012626647949,-13.189036449882497,8.306503571054352,1.534411498044843,-2.679410230734594,1.889000000908090,-0.059639315485155,-1.317940411416874,4.611132751719281,0.318417322117183,1.709647928998307,-2.492521122009588,0.775319860599891,2.421617061258503,-0.683724418587709,1
14.519995450973511,-13.215849269214239,8.325590003348644,1.533832132469402,-2.692478413060519,1.934901394185372,-0.056424054309707,-1.299952753983187,4.584616148795923,0.325558394183856,1.891566454045416,-2.819645277576275,0.656137460609707,2.414872792759302,-0.667503405910684,1
14.529946088790894,-13.242705186649403,8.345070003330690,1.533286897750485,-2.705317321479112,1.980376305242121,-0.053153962112134,-1.280291330854849,4.554947051657429,0.331514797366440,2.057762398491946,-3.143160527073508,0.541787350343420,2.408310631490391,-0.651460423384802,1
14.539946794509888,-13.269823295068317,8.365101923051103,1.532771996229744,-2.718015334305870,2.025765347281661,-0.049813427726320,-1.258938438818529,4.521900004667616,0.336376656498648,2.210241762835147,-3.465439931166690,0.431268842454694,2.401875814846089,-0.635463964904756,1
14.552962779998779,-13.305308059805148,8.391851978252296,1.532152243180021,-2.734209840185959,2.084319165749048,-0.045402389146909,-1.228987473490823,4.474086952793921,0.341088414292124,2.387964193465746,-3.880176137603818,0.293912929474362,2.393738822305472,-0.614833703362387,1
14.560002326965332,-13.324586623571363,8.406635773693896,1.531841088077750,-2.742801746018639,2.115717793329436,-0.042994510024408,-1.211867429649467,4.445989300867141,0.342905378499967,2.474773216106877,-4.102059442804163,0.222634558954659,2.389449519552136,-0.603765867654407,1
14.569997310638428,-13.352059684645589,8.428002689415926,1.531428538645304,-2.754788325213631,2.159943225035094,-0.039557711997010,-1.186643086819738,4.403473042382641,0.344778650664638,2.537165759912155,-4.386940467803337,0.210750746841188,2.383483782792320,-0.594004618233074,1
14.579994916915894,-13.379661175563905,8.449817330568404,1.531050311617054,-2.766526243221059,2.203746563707191,-0.036097327270516,-1.161435968737997,4.358511607055961,0.347699146792537,2.509915464655347,-4.604628491065093,0.371684209545482,2.377532779074031,-0.596415779420885,1
14.589997768402100,-13.407392013281255,8.472078353284036,1.530706698692681,-2.778018456802521,2.247110294046802,-0.032598196714444,-1.136351344713896,4.311423001467301,0.352178330968407,2.510003726898217,-4.808066357521509,0.522164240436680,2.371555069256497,-0.598776828394411,1
14.599954605102539,-13.435104213862786,8.494662103222629,1.530399714350735,-2.789206591154515,2.289790823143609,-0.029063895481732,-1.111256042931531,4.262605790366017,0.358079773827694,2.535658695920916,-4.996890148501305,0.661738631606558,2.365582517137294,-0.601075768335477,1
14.610045909881592,-13.463310431792992,8.517988037306038,1.530124742945225,-2.800292045017177,2.332553591249929,-0.025414001490582,-1.085430386283744,4.211264791243182,0.365429826882794,2.586102771253964,-5.175022297249995,0.793125385329490,2.359504618764423,-0.603354522738960,1
14.620963811874390,-13.493946532127232,8.543703355008665,1.529869244604573,-2.811986562277588,2.378217738677389,-0.021374523684052,-1.056781320787462,4.153780215768074,0.374814070392233,2.666540026263145,-5.353341453802533,0.924101504043887,2.352904350373832,-0.605760763610627,1
14.629994869232178,-13.519387200496762,8.565352209107004,1.529691594432134,-2.821421552211678,2.415514480341220,-0.017950122812401,-1.032323428886296,4.104804039832710,0.383617138683981,2.752039918997783,-5.490094007602170,1.023934305354468,2.347424299541902,-0.607705284571280,1
14.640048265457153,-13.547763261733074,8.589807691290975,1.529530896958937,-2.831645431914325,2.456441617281385,-0.014047247955625,-1.004502242096277,4.047944184300265,0.393680869439896,2.756251929315059,-5.936852440288212,0.907233902978641,2.341353494889452,-0.597661605992570,1
14.649995803833008,-13.576019028253956,8.614476446300966,1.529410642197558,-2.841515422692980,2.496459671444571,-0.010084370703624,-0.977274242114159,3.985959762885150,0.401626816807984,2.711013971140031,-6.502912738050658,0.689984535994372,2.335479540031452,-0.581736397486279,1
14.659999132156372,-13.604492085741482,8.639647675065229,1.529329965969239,-2.851156502879924,2.535998103746468,-0.006035745401995,-0.950371741801551,3.918202478685295,0.407483275557729,2.668125952374434,-7.038646176015441,0.482716138570824,2.329739661510699,-0.565880133654606,1
14.669996023178101,-13.633041833066940,8.665194366698737,1.529290060844326,-2.860524623665344,2.574807715469289,-0.001941375242142,-0.923902167162213,3.845294831543394,0.411318055267904,2.627875432646411,-7.542187541999200,0.286230807144855,2.324161256258539,-0.550170641449573,1
14.680035352706909,-13.661807752583361,8.691238066542923,1.529291340562774,-2.869668840013275,2.613026409662390,0.002199519671915,-0.897709896725911,3.767162791925588,0.413245020407715,2.590138900912769,-8.016769752741117,0.099348889560180,2.318716146223546,-0.534530744977858,1
14.690118789672852,-13.690789074037012,8.717776478796312,1.529334537036174,-2.878589771262022,2.650597114939643,0.006368450948739,-0.871771867429087,3.684051591555475,0.413343795628143,2.555008476432472,-8.462909005468315,-0.078062502382104,2.313404849832733,-0.518961853399493,1
14.700024366378784,-13.719344834240543,8.744210883854866,1.529417877038374,-2.887100153800896,2.686666910231867,0.010456202314802,-0.846623178059178,3.598172854290677,0.411747944222531,2.524818541050601,-8.870328302884783,-0.241961293619751,2.308339543272545,-0.503841572883738,1
14.710091829299927,-13.748453046870596,8.771439668660252,1.529543976962623,-2.895481291753881,2.722453559676309,0.014592180629130,-0.816973928966954,3.512335560876218,0.410196081999968,3.357977695227395,-8.190644026119713,-0.068245173382088,2.303235127553449,-0.510185658863285,1
14.720041275024414,-13.777300641548690,8.798698442520079,1.529709455097077,-2.903430284195466,2.757003595587344,0.018672622480898,-0.779646282493433,3.433980173491814,0.410324787544441,4.138667470182260,-7.568506277386334,0.092297991923873,2.298128360294699,-0.516367466605742,1
14.730059862136841,-13.806427312802638,8.826490817458538,1.529917142891904,-2.911020911838099,2.791037266134397,0.022790696603449,-0.734420178573123,3.361091415198885,0.412013771032414,4.882826622508919,-6.990096857352431,0.243076315541133,2.292924273155672,-0.522504227783138,1
14.740023136138916,-13.835466229371855,8.854464379068949,1.530164708438284,-2.918084055704703,2.824186738678223,0.026910116722925,-0.682254768119089,3.294120281729744,0.415138685711088,5.581991229371665,-6.461035207639949,0.382482917616516,2.287688382435250,-0.528519377762969,1
14.749995231628418,-13.864597219968879,8.882788817540293,1.530453753812216,-2.924598624219684,2.856721449033333,0.031070921601531,-0.623270774955179,3.232148049163630,0.419605659792100,6.241795988112328,-5.975960212180896,0.511772193513484,2.282388537161627,-0.534451968748172,1
14.760024547576904,-13.893961309986445,8.911603416569973,1.530786593847253,-2.930525451866462,2.888847034477828,0.035307375784707,-0.557502124490475,3.174474796657512,0.425348883165968,6.866031808152392,-5.531237870966974,0.631779082437734,2.276998410162786,-0.540330907022090,1
14.769991397857666,-13.923194551469706,8.940551507275575,1.531159713813322,-2.935730690884098,2.920216946838285,0.039579723591669,-0.485914001266488,3.121210456263003,0.432136899012541,7.586475360690375,-5.232833721053665,0.703239404713509,2.271567260540995,-0.556647640700077,1
14.779992341995239,-13.952578326363419,8.969912358087592,1.531577286601911,-2.940194954175410,2.951172247756351,0.043936589263550,-0.405262914371751,3.069235811960640,0.439113667626061,8.528513790085524,-5.161962848304406,0.691521996294549,2.265811990224991,-0.594107017087651,1
14.790020465850830,-13.982082573862479,8.999661251177642,1.532040094707704,-2.943815392755572,2.981693201206761,0.048374724026559,-0.315329958450279,3.017798887121059,0.445979063891321,9.394290041477978,-5.097391574021202,0.677267168798772,2.259669841019208,-0.630684379736232,1
14.799991607666016,-14.011449162198792,9.029540599489575,1.532544715026203,-2.946479212575417,3.011530979832272,0.052854940404196,-0.217683631458512,2.967267418954018,0.452651534881502,10.179656629373090,-5.039408403429761,0.660741376107096,2.253204098218637,-0.666075467778659,1
14.809991121292114,-14.040919568648679,9.059799780907602,1.533095937384161,-2.948134718415176,3.040949072049275,0.057413636801894,-0.112266254780633,2.917144991493237,0.459165989509747,10.894431328237053,-4.987265014932668,0.641945915314229,2.246370788048655,-0.700587583063028,1
14.820037603378296,-14.070543856562033,9.090499192659683,1.533696066700046,-2.948701616731541,3.070007288366127,0.062059024469502,0.000503469233928,2.867275680262441,0.465511977793102,11.541982163061011,-4.940700025998547,0.620947565944882,2.239161759819504,-0.734280280943414,1
14.829993009567261,-14.099897431468166,9.121203639478821,1.534337059168820,-2.948114881374255,3.098308038655547,0.066723788118871,0.118322244408703,2.818295552216342,0.471581998913683,12.116388285835825,-4.900107883477283,0.598179581733542,2.231689570863282,-0.766689818159940,1
14.841004848480225,-14.132349594098159,9.155489253991981,1.535100482389531,-2.946069269563739,3.129043177931263,0.071951773294221,0.253501927527533,2.764070831888309,0.477866408736325,12.309257814929422,-4.991109803293335,0.530019011161952,2.223044550264120,-0.804270687230023,1
14.850001335144043,-14.158842816082949,9.183751649156140,1.535767214396344,-2.943290422603323,3.153707112307958,0.076271500736109,0.364241147226218,2.718615673771799,0.482316800659412,12.307086844301905,-5.113091136869572,0.459558892344392,2.215668858072334,-0.835243795613630,1
14.860033750534058,-14.188351427791821,9.215527654638150,1.536556767639799,-2.939016893943770,3.180722487728151,0.081132249517385,0.487663046137647,2.666653642986527,0.486540330489337,12.295317680469177,-5.244717373423346,0.382699175220150,2.207119537833725,-0.868899800273837,1
14.869994401931763,-14.217600433931411,9.247341903510378,1.537389114086611,-2.933549682648853,3.207022438051249,0.085996370043467,0.610037073080304,2.613779768069397,0.489979733327339,12.273994102009070,-5.370817306316298,0.308179881255992,2.198301927642569,-0.901393432277113,1
14.880003213882446,-14.246913125862140,9.279552676718341,1.538273927654010,-2.926833649929978,3.232898160951015,0.090911991804429,0.732670934856413,2.559439450763131,0.492695740870202,12.243033217981584,-5.492864078659859,0.235141451837997,2.189125629000853,-0.933101304936627,1
14.890030860900879,-14.276240190207936,9.312117434884570,1.539210917243626,-2.918866888776738,3.258299486549508,0.095866019344434,0.855314312213838,2.503732690417143,0.494695064834271,12.202491086526495,-5.610664845341115,0.163696147717244,2.179607821329789,-0.963974059016456,1
14.901242971420288,-14.308906062865901,9.348801196510827,1.540316760825656,-2.908512554556922,3.286012794671184,0.101420533764581,0.991804417944165,2.440139297610008,0.496089494505267,12.141253341645452,-5.705765611288838,0.080703867510611,2.168611261371787,-0.999858547493188,1
14.910076618194580,-14.334562893550057,9.377927958323959,1.541232187538514,-2.899277132014074,3.307350602431743,0.105805388459102,1.098695056527880,2.390295249632455,0.496367660927285,12.055111977942486,-5.579160402274985,-0.017201439138499,2.159583610125352,-1.043541727233632,1
14.919992685317993,-14.363256348756236,9.410840484632384,1.542305757234205,-2.887791347091297,3.330780818966916,0.110724802829114,1.217739927262161,2.335627296587971,0.495667791028548,11.954728775133374,-5.449050334043392,-0.123292200560578,2.148998324303916,-1.091192082440434,1
14.929991483688354,-14.392066561487709,9.444258541765807,1.543437569609152,-2.875020192813560,3.353862841223583,0.115672754206827,1.336744289040241,2.281750144476537,0.493917052300332,11.849451270153667,-5.330215228581126,-0.226245997321676,2.137854187568591,-1.137762555770805,1
14.941517829895020,-14.425113225580223,9.483066546542373,1.544803598802880,-2.858828047259338,3.379811798633302,0.121348236248189,1.472601218231096,2.221031613288382,0.490648679656531,11.722898553098046,-5.207968169480891,-0.339990541474520,2.124439233041362,-1.189612209052345,1
14.949991941452026,-14.449285192680938,9.511786669428460,1.545849497634390,-2.845929293863963,3.398447058731141,0.125492871110267,1.571535002659896,2.177244231010059,0.487425393946827,11.626238366627330,-5.127754988549148,-0.420278384595223,2.114201380518325,-1.226476145016272,1
14.959995269775391,-14.477673393958108,9.545890534019108,1.547129157553972,-2.829628966127144,3.419971644762778,0.130346182594319,1.687248906047342,2.126381661635135,0.482761923347695,11.508109691821426,-5.043160108340591,-0.511460364613139,2.101720496208677,-1.268623064726975,1
14.970006227493286,-14.505915564172142,9.580235078505424,1.548458213968254,-2.812162519401626,3.441008326623553,0.135152270806402,1.801826951485423,2.076275823545838,0.477251610908113,11.370850639610351,-4.966944547991019,-0.568364556604128,2.088833212242767,-1.298254025476846,1
14.979989767074585,-14.533899226154368,9.614691172834210,1.549831202039338,-2.793610026709463,3.461490540696790,0.139888683859865,1.914509467098751,2.027030875462170,0.471599496298066,11.202674128618838,-4.900911168469238,-0.564360302317557,2.075839308613337,-1.304720185636617,1
14.989991664886475,-14.561743005231909,9.649413222536712,1.551253849264097,-2.773903772765719,3.481520466884968,0.144577379647515,2.025711064177699,1.978278865461339,0.465964137118801,11.033247721117792,-4.850134807548575,-0.562913810653966,2.062759522294064,-1.310649107424355,1
15.000027894973755,-14.589465541747728,9.684436684833534,1.552727522032012,-2.753030655161862,3.501122129348490,0.149223351389280,2.135533478589923,1.929818974005258,0.460314321277307,10.862128933677299,-4.813813733843054,-0.563900659413926,2.049584277032010,-1.316043481671303,1
15.010101556777954,-14.617100162698941,9.719818011382344,1.554254667638669,-2.730960169427916,3.520326737014823,0.153833694852396,2.244129297936851,1.881430843238578,0.454616573714159,10.688776210757668,-4.791204184837616,-0.567210025176045,2.036296280866660,-1.320906119910869,1
15.020007133483887,-14.644038139058432,9.754777874636851,1.555800577387665,-2.708210867076688,3.538727230307549,0.158308705968104,2.349149720428479,1.834031659709110,0.448973469879140,10.516770049231972,-4.781728212571768,-0.572592353191745,2.023191468368946,-1.325141511096533,1
15.030009984970093,-14.671011258517375,9.790269585928815,1.557406636771166,-2.684187112610208,3.556835265196864,0.162771381634309,2.453480843038459,1.786193646508889,0.443209748483438,10.341189154135030,-4.784183900135998,-0.580039416565307,2.009915892524251,-1.328872087738318,1
15.040032863616943,-14.697789573890041,9.826008231111462,1.559060238411079,-2.659078290735067,3.574498443189162,0.167184057147250,2.556879840879375,1.738573474354555,0.437225159329046,10.353905799049754,-4.680614874058307,-0.627012715292894,1.996630520889767,-1.316926434338342,1
15.049998521804810,-14.724159104699620,9.861714314903272,1.560747861058749,-2.633083001701534,3.591593698391431,0.171508881494023,2.660469497007970,1.692661837360332,0.430655550911983,10.429716889445125,-4.537297138769947,-0.691059859742125,1.983605673281727,-1.297126787263867,1
15.059992790222168,-14.750340234649544,9.897693452932044,1.562483357384001,-2.605971897662481,3.608286144331137,0.175777418912902,2.764921701411297,1.647947054740196,0.423438924429752,10.466257174739015,-4.414134710704696,-0.752654705251316,1.970741525468917,-1.277160010024795,1
15.075497627258301,-14.790409000551913,9.953838173444481,1.565259346879197,-2.561841222850785,3.633314796446317,0.182249009295789,2.927186718169525,1.580744921430117,0.411059555695148,10.448699695107349,-4.261399201025704,-0.843044130807478,1.951179657128080,-1.245965464947998,1
15.093919277191162,-14.837095397631945,10.021034515524784,1.568685562621477,-2.506149708326299,3.661719936427819,0.189672711365364,3.118645028363603,1.503486750558018,0.394600858075754,10.318186759762032,-4.135917964662529,-0.942372324395525,1.928570572967152,-1.208561738554302,1
15.094060897827148,-14.837449094053220,10.021551359560824,1.568712337678586,-2.505709428147309,3.661932103064751,0.189728397440308,3.120101275243156,1.502903043750997,0.394467796710191,10.316751738134192,-4.135176476549218,-0.943099948997378,1.928400012297684,-1.208273724678851,1
15.099979877471924,-14.852225325821644,10.043252445074053,1.569842213299864,-2.487061260558347,3.670755491994275,0.192046547052508,3.180976377750778,1.478513300494582,0.388796208353524,10.250854537685203,-4.106950243233164,-0.973160040949166,1.921284048958460,-1.196175968623400,1
15.109979629516602,-14.876933402747111,10.080030571180815,1.571781811500180,-2.454741660588936,3.685334668169896,0.195884410880080,3.283370083122359,1.437570079142581,0.378715916657898,10.224280544160171,-4.084692585989100,-1.042676550378974,1.909453927450378,-1.169954763117367,1
15.120961904525757,-14.903688910003247,10.120585310163312,1.573955433859390,-2.418071467624796,3.700874733114887,0.199978780754215,3.395292806122539,1.392780706292394,0.366865054094184,10.152919073456756,-4.075381856370449,-1.114990264649464,1.896764912401813,-1.141120315051875,1
15.129995822906494,-14.925396053871442,10.154078584505442,1.575777051149519,-2.386982191376910,3.713291981320569,0.203247077628031,3.486631816049453,1.355952272014464,0.356535304742623,10.061499440836414,-4.078726853281319,-1.171152075794531,1.886562087133310,-1.117427816901053,1
15.144953727722168,-14.960706898719936,10.209774624747361,1.578856620152971,-2.333707676358679,3.733118402971879,0.208446105334255,3.635642776100853,1.294776823873136,0.338359279586353,9.848902859683328,-4.104475259149192,-1.257646909652127,1.870139668798597,-1.078263200798805,1
15.149998426437378,-14.972432174853742,10.228621686663050,1.579912346143991,-2.315243753869128,3.739597270453881,0.210136747695429,3.685104094331867,1.274038731624042,0.331946018033787,9.760842727920748,-4.118466246540282,-1.285018756988146,1.864733937729090,-1.065074237585227,1
15.160027265548706,-14.995465515643708,10.266190671365038,1.582036350456116,-2.277796970238865,3.752167325032185,0.213400428250494,3.782029478974848,1.232564796794606,0.318795576778798,9.562510087380311,-4.153671871402906,-1.336799048778647,1.854183369837012,-1.038877270893232,1
15.172975778579712,-15.024636454060841,10.314872987819991,1.584825545335196,-2.228036358726091,3.767776045117020,0.217414166410344,3.903950897154227,1.178419838777662,0.301081827096328,9.263044717788837,-4.212643289603946,-1.398529979867049,1.840951351813478,-1.005110232123316,1
15.179999351501465,-15.040190508499011,10.341368653570697,1.586360124574490,-2.200388479948511,3.775945454741844,0.219494706571538,3.967281423694195,1.146906044399969,0.291295792891229,8.768783627979468,-4.758186772725495,-1.387533051763795,1.833824818532771,-1.024036199794157,1
15.189997434616089,-15.061989940513277,10.379176466521240,1.588568926628870,-2.160297473665475,3.787161732372263,0.222337954064774,4.051507548959536,1.095602436220765,0.277502663109714,8.084133554604941,-5.496750522618177,-1.371707753465264,1.823453543946421,-1.050532110418369,1
15.200156211853027,-15.083723458486130,10.417701318613112,1.590841473975688,-2.118737552529094,3.797994809559160,0.225086284734971,4.130196336720288,1.036161739093710,0.263650244116074,7.413203181623469,-6.198643259092056,-1.355750629867192,1.812649173860086,-1.076630013482863,1
15.210002660751343,-15.104385614808734,10.455150021271598,1.593070503066362,-2.077717642023665,3.807887092826586,0.227617009297223,4.200088780690581,0.971960022592374,0.250375644793664,6.786009445490212,-6.833638255694178,-1.340393748742254,1.801926111072303,-1.101138875746769,1
15.219997882843018,-15.124941956714441,10.493258087211093,1.595357870014999,-2.035408160117004,3.817250518468890,0.230052872001864,4.264830101039419,0.900620762468891,0.237055560412564,6.172238269407627,-7.433658884751618,-1.324914415827492,1.790798967215347,-1.125219995135851,1
15.230032444000244,-15.145151127217062,10.531607500104514,1.597678117412021,-1.992310737100711,3.825904237702936,0.232365228932823,4.323770383074655,0.823187031556345,0.223837840881210,5.578675592499295,-7.992150311651539,-1.309479203149051,1.779389679762371,-1.148589506753608,1
15.239995718002319,-15.164784635029008,10.569763728387908,1.600004018121307,-1.948965774504518,3.833703551396208,0.234530232554863,4.376833248531534,0.742493943094144,0.210726583323480,5.108817347226219,-8.048485675913957,-1.336638220871225,1.767989941439089,-1.123951440598248,1
15.250006437301636,-15.184075036583087,10.608177724662941,1.602362167938928,-1.904901551670968,3.840736174242497,0.236572007600143,4.425873054115717,0.662823401990749,0.197115644708852,4.688298392615501,-7.869362687537897,-1.381904908965240,1.756981733567921,-1.075404400973339,1
15.260006666183472,-15.202902420438361,10.646617803833132,1.604737566304186,-1.860414408052168,3.846973996315236,0.238473411171066,4.470648783052866,0.585002715413089,0.183088181661122,4.266367596211708,-7.695211964752419,-1.422816529802467,1.746468138743969,-1.027338033000712,1
15.269999265670776,-15.221268902876423,10.685087008481577,1.607129438267638,-1.815535037809631,3.852438339644424,0.240231274487353,4.511168209062745,0.508957256698635,0.168683727455781,3.843311366941585,-7.525928898306581,-1.459522948962442,1.736440545352388,-0.979737417445014,1
15.280051708221436,-15.239290901521709,10.723837871952238,1.609552623691310,-1.769999774077941,3.857177157973934,0.241852644271047,4.547659164225447,0.434139411764517,0.153843504619939,3.416661672080833,-7.360363991509709,-1.492365446440647,1.726830663670347,-0.932284512752992,1
15.295013904571533,-15.265263942299908,10.781596075346739,1.613187767764047,-1.701595902026743,3.862858086731047,0.243985866426184,4.594023194520339,0.325800233016924,0.131192025864131,2.780491720551602,-7.122618776545072,-1.533934056087029,1.713404800522360,-0.862456587595011,1
15.300003290176392,-15.273696622203547,10.800873272064022,1.614406708461590,-1.678640820681485,3.864395295205658,0.244621290529148,4.607366663137168,0.290455277852167,0.123508375902819,2.568250721783625,-7.045629999724374,-1.545910169644471,1.709159270805460,-0.839385889179780,1
15.310320138931274,-15.290769250334543,10.840755823232319,1.616936720132998,-1.630975470949309,3.867017305648090,0.245813559259409,4.632485417846198,0.217852733694560,0.107657969488597,2.307904672097910,-7.035641936021946,-1.526111754246883,1.700512120826516,-0.838051925836329,1
15.319998741149902,-15.306337498325201,10.878192285864259,1.619320664312041,-1.586034996696695,3.868796181322292,0.246784336748826,4.653709296355231,0.149720211718953,0.092972703803823,2.079627967506540,-7.045799059752512,-1.508846520580350,1.692403274224006,-0.837496195354713,1
15.332938194274902,-15.326468888022633,10.928260534478952,1.622521040740790,-1.525654870536397,3.870142800826273,0.247861581739527,4.678727970805172,0.058353824714660,0.073581534826810,1.790452990629651,-7.080639663704676,-1.489078491336062,1.681575435541635,-0.836046909074270,1
15.339998722076416,-15.337124094093399,10.955586824067407,1.624272821176331,-1.492577216069717,3.870378100543821,0.248344069767580,4.690834502879751,0.008265377355817,0.063101400566228,1.639686301253705,-7.108637584881810,-1.479736306497080,1.675676356597426,-0.834915239789142,1
15.349997997283936,-15.351814701491744,10.994288872043388,1.626759109113096,-1.445591520658781,3.870104564330387,0.248901286751361,4.706194540635077,-0.063055696544845,0.048364200067208,1.433834856785128,-7.157642285722226,-1.468068249316617,1.667337081408594,-0.832900703399817,1
15.359993219375610,-15.366029061408071,11.032968928294359,1.629249223642574,-1.398481509649139,3.869115767645439,0.249311553735731,4.719532699573417,-0.134886077798330,0.033741188856210,1.236229598364259,-7.216045762822315,-1.458049525069652,1.659023730276659,-0.830404571244949,1
15.369995355606079,-15.379779621854359,11.071657631737688,1.631744138219642,-1.351220787479847,3.867404652087868,0.249576205919980,4.730995861488879,-0.207457616904733,0.019172643532009,1.079890829455469,-7.327357931380785,-1.467523668904436,1.650758563174712,-0.811959061292752,1
15.380119562149048,-15.393217636447023,11.110801970204781,1.634271745170994,-1.303267231595673,3.864925315729483,0.249694340571630,4.741437341924258,-0.282619608970688,0.004090165260752,0.978958379320171,-7.514914091542884,-1.510882829232471,1.642792476501738,-0.761736645536419,1
15.390036821365356,-15.405908856399938,11.149115389296057,1.636747923099742,-1.256200043362133,3.861750378451881,0.249659977838550,4.750567458980091,-0.357937450684311,-0.011081508876438,0.858945665127155,-7.670084644054146,-1.547968759821923,1.635479866323910,-0.713117340711146,1
15.399994850158691,-15.418182169878470,11.187550876089773,1.639233179292481,-1.208854544037824,3.857803603909368,0.249472333128891,4.758437352539012,-0.434976699990391,-0.026659718513960,0.718455861801218,-7.798614642626876,-1.580030542669582,1.628619492483897,-0.664868745629085,1
15.409994840621948,-15.430033222795176,11.226107659459105,1.641726421522457,-1.161234613018640,3.853061846694006,0.249126241160236,4.764836805372588,-0.513501566880670,-0.042600706613316,0.558274641608179,-7.901311379744589,-1.607191789360441,1.622210385799089,-0.616988806063184,1
15.420953035354614,-15.442471266934525,11.268294940843866,1.644453305911356,-1.108994317856731,3.846959003593458,0.248562447442134,4.769898200966652,-0.600564529318780,-0.060349172943684,0.362047174796629,-7.984798481298625,-1.631370147537466,1.615734173451361,-0.565188999615502,1
15.429993867874146,-15.452302013573394,11.303047292165564,1.646697731327693,-1.065860315540470,3.841202689475300,0.247949978264520,4.772380096041124,-0.672977003361082,-0.075171201412535,0.184778503249276,-8.031811220989692,-1.647085247156854,1.610815841244258,-0.522973326482149,1
15.439993619918823,-15.462722693902414,11.341427035545671,1.649173373411962,-1.018127272198472,3.834070037113776,0.247116561316624,4.773227876181221,-0.753545752131077,-0.091284837314323,-0.012152801280902,-8.085488899980151,-1.532600297628087,1.605636465941462,-0.531076817075408,1
15.450002908706665,-15.472673634798488,11.379761512151129,1.651641836780170,-0.970357874542567,3.826122235107094,0.246129058998256,4.772149020245948,-0.834739537257972,-0.105762490621576,-0.203150625135058,-8.137370855406223,-1.362367642604207,1.600145992059729,-0.565905970107647,1
15.459996461868286,-15.482133139548656,11.417956849777962,1.654096156251420,-0.922678173290790,3.817372725038986,0.245006716476833,4.769172716665429,-0.916274522112178,-0.118575763057427,-0.392186790518104,-8.177437910050319,-1.203663281104182,1.594320794170445,-0.599658709039227,1
15.469991683959961,-15.491117146450662,11.456064297875502,1.656538877516489,-0.875033086449129,3.807805590425482,0.243763936927722,4.764314958090900,-0.998160433084823,-0.129858626084156,-0.579576627085120,-8.206085346315449,-1.055822414416562,1.588162789532584,-0.632389464324114,1
15.479996204376221,-15.499633303437886,11.494109148459824,1.658971007449752,-0.827399379229150,3.797408202638777,0.242414227918039,4.757585003306798,-1.080357247222326,-0.139725543547521,-0.765500507771025,-8.223626844196930,-0.918341888363715,1.581676273440698,-0.664125472567947,1
15.489995718002319,-15.507669731755653,11.532028708197183,1.661388070977527,-0.779863794080919,3.786193026440942,0.240973184474993,4.749007411871377,-1.162637822538789,-0.148264388458268,-0.949707833357956,-8.230332521246350,-0.791042393162212,1.574880532518553,-0.694820549181669,1
15.500000715255737,-15.515234221433923,11.569847295789790,1.663791288116081,-0.732403964523307,3.774149821097134,0.239452321430672,4.738591211056595,-1.244965926603144,-0.155581944600182,-1.132372243447182,-8.226510224092669,-0.673435595060384,1.567780029107935,-0.724501112786017,1
15.512965202331543,-15.524331524593586,11.618668756722808,1.666882287689671,-0.671078185966481,3.757334931808359,0.237378454896008,4.721256816126429,-1.347817209454742,-0.164377784135950,-1.550693368675940,-7.646658750324306,-0.683805886075054,1.558981146763487,-0.632764237959029,1
15.520034790039062,-15.528957579493561,11.645195651375868,1.668556194793644,-0.637743886276455,3.747618505570270,0.236199318520439,4.709424091041810,-1.400813792207079,-0.169231057450992,-1.799268817763391,-7.349462117919360,-0.689225086753130,1.554683531326771,-0.583202160341080,1
15.530000448226929,-15.535079994886146,11.682475050568003,1.670901726653306,-0.590903426163851,3.733299136360601,0.234478349784263,4.689657732399795,-1.472064243241249,-0.176135612124680,-2.171363458784130,-6.952989215614653,-0.696215170793532,1.549216021857063,-0.514149596796277,1
15.540951967239380,-15.541270297519171,11.723268798820438,1.673458794614051,-0.539685552075663,3.716769859518219,0.232507594363925,4.663520938175240,-1.545951612295570,-0.183797791305860,-2.606275812732564,-6.545962411654524,-0.702970483758965,1.543995987025518,-0.439384331807715,1
15.552942037582397,-15.547407193065769,11.767723682819593,1.676233382635487,-0.483964434243605,3.697771819967837,0.230252975802024,4.629277962306868,-1.621931729991992,-0.192265692085127,-3.109485450323770,-6.132221807230045,-0.709192752853246,1.539211546581072,-0.358851484397799,1
15.560976505279541,-15.551146236763845,11.797378679744035,1.678076966672325,-0.446876953669570,3.684546164286403,0.228685388866437,4.602894446375335,-1.670145269708030,-0.197977593193402,-3.460138675328746,-5.872405379586485,-0.712642685147934,1.536542570327373,-0.305673769925461,1
15.569996833801270,-15.554990485651070,11.830546714957338,1.680131696474136,-0.405502520455552,3.669245489138164,0.226870489560612,4.569813670542245,-1.721766047401596,-0.204411409666489,-3.896023057755102,-5.539107647141499,-0.710079460658699,1.534046880065078,-0.249679924682693,1
15.579997062683105,-15.558817688998397,11.867152142838602,1.682390060877586,-0.360008402024508,3.651758585293685,0.224791099682853,4.528098897679297,-1.774861499158772,-0.211444987790900,-4.447852798423805,-5.085138764194951,-0.696891440042645,1.531828395563141,-0.194139018182714,1
15.591565608978271,-15.562680504578017,11.909275903833082,1.684976133225194,-0.307938973410597,3.630897716261790,0.222298770961543,4.472928394684303,-1.830826988865942,-0.219426975530799,-5.091107531667728,-4.597127131109929,-0.683407031247911,1.529949883124446,-0.130799175928398,1
15.600000858306885,-15.565119628929537,11.939840430997174,1.686843561814603,-0.270392239534881,3.615293345467573,0.220423481934601,4.427997030054685,-1.868192724036820,-0.225154529814179,-5.561205639192364,-4.264731803380339,-0.674618469210150,1.529039063813124,-0.085224581288369,1
15.609992742538452,-15.567601317971688,11.975870929567334,1.689034708517273,-0.226434026916993,3.596419492166172,0.218140193490455,4.369651206100523,-1.908938013419929,-0.231847470285136,-6.116741557239624,-3.894939522702675,-0.665189778582085,1.528454434903963,-0.031914807720324,1
15.621138572692871,-15.569855140499916,12.015836560960963,1.691451507967663,-0.178123346299466,3.574908959940604,0.215514943886397,4.298040735395722,-1.950183767102279,-0.239207938406006,-6.731954147007528,-3.511004575983872,-0.655737752886996,1.528426162812532,0.026690595908523,1
15.634068250656128,-15.571801382383551,12.061893050641084,1.694217715222884,-0.123135481749085,3.549412874062081,0.212367649155444,4.206424508713580,-1.992885126488297,-0.247624065183400,-7.475879688246493,-3.099724813503474,-0.653336381355712,1.529204626493178,0.093324091257990,1
15.640040397644043,-15.572461999051821,12.083054174607078,1.695481516116797,-0.098152267689227,3.537457382053286,0.210876873748316,4.159846904621619,-2.010839790015421,-0.251694206727835,-8.118588999994669,-2.913843111238581,-0.709235323606346,1.529847778473973,0.122031930177679,1
15.650458335876465,-15.573260409354983,12.119799208108017,1.697664720996016,-0.055273372312674,3.516355251088350,0.208214455216183,4.069681274725360,-2.039539731540234,-0.259560860706517,-9.177222557655634,-2.597282474423853,-0.799368460064498,1.531377902000447,0.171591641988407,1
15.659993648529053,-15.573603805392572,12.153235670061116,1.699638192725728,-0.016898794532806,3.496793815100392,0.205701963070119,3.977825940108223,-2.062959874259072,-0.267544467869901,-10.078571613604550,-2.316459768648576,-0.873930770410955,1.533228001041569,0.216367608126891,1
15.669993162155151,-15.573575630122614,12.188098395479297,1.701681587721677,0.022358731189150,3.476054198861509,0.202981750466605,3.872597149953915,-2.084690113866243,-0.276641828694166,-10.957027180033998,-2.031443047497512,-0.944328253497761,1.535623857799450,0.262724941930367,1
15.679990053176880,-15.573160404231404,12.222746929156301,1.703696981616697,0.060514935783319,3.455114885401291,0.200167655846679,3.758935068379072,-2.103617215729975,-0.286402977767380,-11.769535992919426,-1.756487456296868,-1.007078476210000,1.538479687440560,0.308462042232940,1
15.689993858337402,-15.572368953920149,12.257204863723157,1.705684871325639,0.097516034634444,3.433987783150671,0.197251259490538,3.637396385951588,-2.119855180541588,-0.296760824715450,-12.519183454804741,-1.491690756290099,-1.062562856199226,1.541791751253582,0.353612347984056,1
15.699990272521973,-15.571214581049828,12.291424646193477,1.707641577589282,0.133238060219127,3.412727594327253,0.194230936243766,3.508765858390198,-2.133487545042962,-0.307630088746325,-13.207448554758418,-1.237673808567530,-1.111040247015183,1.545549374826485,0.398115773797444,1
15.709995985031128,-15.569708064907102,12.325463615448740,1.709569372549198,0.167676134126332,3.391322902402177,0.191099830489011,3.374332164431613,-2.144728763220139,-0.317994446869041,-13.657603123639172,-1.009730753674096,-0.960069319354010,1.549768091121379,0.445075800947243,1
15.720001220703125,-15.567863877795819,12.359286289034628,1.711465256185410,0.200745689518278,3.369818133730559,0.187872730740673,3.235583088327879,-2.153700856677515,-0.326856654608801,-14.072809622916269,-0.784336092867456,-0.812260996428859,1.554453307841510,0.491388474632274,1
15.734304904937744,-15.564668413959662,12.407266441126664,1.714118720664481,0.245567968715343,3.338942863323427,0.183121391611117,3.030373272937724,-2.162655992274392,-0.337011152034148,-14.609429435510306,-0.469581497536179,-0.609251943324183,1.561948852518433,0.556442480050282,1
15.740021228790283,-15.563215425640847,12.426319951686898,1.715160106934722,0.262652897561336,3.326571870488658,0.181185157869261,2.946285048356347,-2.164989498375307,-0.340269677244715,-14.805548617188098,-0.347114497126322,-0.530959413207021,1.565203396375164,0.582063014333787,1
15.749992609024048,-15.560452540354039,12.459381209330337,1.716949689834322,0.291288656225252,3.304971191571150,0.177768185315798,2.797051785157199,-2.167407488828843,-0.344898857056216,-15.123040101722967,-0.139166800469705,-0.398441443476841,1.571227814769927,0.626226414781179,1
15.764937877655029,-15.555795330933030,12.508532018728310,1.719567728562119,0.331385566250132,3.272574884038578,0.172576302882072,2.567824184443539,-2.167250650098170,-0.349428158352103,-15.541784601247238,0.156757673408103,-0.209690257232726,1.581074021778597,0.691182178923116,1
15.769993066787720,-15.554087393116495,12.525050148476845,1.720435787614949,0.344169007176768,3.261619824944104,0.170807235851110,2.488882932592232,-2.166269743798743,-0.350309221192752,-15.692640080249104,0.219776241915431,-0.134101614304972,1.584622253968073,0.712162167388056,1
15.780003070831299,-15.550520202878614,12.557590486272947,1.722128002533334,0.368291416907016,3.239947955513547,0.167296606057286,2.330281491123773,-2.163624675061495,-0.350850273082121,-15.989908277944661,0.308286929266241,0.024595742171027,1.591953661239767,0.752553865783983,1
15.790035724639893,-15.546710689001825,12.589986929116446,1.723788784783052,0.390861053591513,3.218258028223291,0.163780447122353,2.168515868197701,-2.160097880753562,-0.349840733733295,-16.252025844886347,0.394299922243783,0.175266630027728,1.599704333640866,0.792434843892395,1
15.800063848495483,-15.542684987348146,12.622149951503804,1.725413563941825,0.411785113219159,3.196618556864918,0.160283599345008,2.004378507480904,-2.155725380808895,-0.347362723510897,-16.479229910023509,0.477262958356133,0.317603821723088,1.607847930105484,0.831693575043075,1
15.810039043426514,-15.538480259993870,12.653930431811077,1.726995237565382,0.430956409495763,3.175139336595352,0.156836555640834,1.839003335629330,-2.150566336827683,-0.343521828810540,-16.671780021251745,0.556518837038766,0.451137523605081,1.616336741015403,0.870150388318860,1
15.820126533508301,-15.534042177908407,12.685851050675142,1.728559966098449,0.448656614241409,3.153474637683141,0.153396342954591,1.669979437104800,-2.144563093123661,-0.338323601597962,-16.833584199064379,0.633060983238131,0.578129352655275,1.625308191929643,0.908434076689365,1
15.830237388610840,-15.529423532137665,12.717625122677408,1.730093710058380,0.464678383302221,3.131825397083742,0.150007298501579,1.499097644760426,-2.137791000185983,-0.331868597490470,-16.963580171644853,0.705864333416212,0.697426416708239,1.634684420078176,0.946193119896443,1
15.840103864669800,-15.524768662407741,12.748420523597312,1.731557681551769,0.478640713024139,3.110769389233213,0.146768912141527,1.330816901218577,-2.130240260679479,-0.324358022242093,-17.202294188123766,0.859679418451066,0.835816754739668,1.644202398514549,0.983587374168303,1
15.850122690200806,-15.519909466406332,12.779479282145495,1.733011966880902,0.491105141059059,3.089473984804858,0.143563775111161,1.156952027419548,-2.120603980752652,-0.315235216483562,-17.496817103488510,1.060276215425487,0.982492443196469,1.654248338914961,1.021768543525870,1
15.860101699829102,-15.514954026827938,12.810203770479649,1.734429063793253,0.501775020581296,3.068368291139711,0.140469173369210,0.981115632493948,-2.109117795899163,-0.304771865135524,-17.735531861996314,1.238213682717419,1.111857829203307,1.664631734747529,1.059175053076480,1
15.870441675186157,-15.509716758479433,12.841816657906151,1.735865364211474,0.510967584325319,3.046630243981640,0.137379579787034,0.796698245390580,-2.095458132161098,-0.292655479909710,-17.927716078400607,1.400298787869401,1.229059771563028,1.675780622531372,1.097276125310318,1
15.880001544952393,-15.504797938216022,12.870847945218332,1.737165568782484,0.517762847616090,3.026662987705578,0.134639341207108,0.624646586219957,-2.081433012822785,-0.280445957654832,-18.057551223499502,1.530646357459575,1.322862651982352,1.686436979951580,1.131911286296964,1
15.890055418014526,-15.499563784666574,12.901173415818009,1.738505301093479,0.523128737631961,3.005815453973246,0.131888047295019,0.442606390063787,-2.065436445008172,-0.266710175812169,-18.146599006368536,1.648161091480446,1.407103992530540,1.697997877963204,1.167718773855383,1
15.900029659271240,-15.494326959400944,12.931051680689482,1.739807753157957,0.526639851277088,2.985297969852122,0.129299020011816,0.261359556859542,-2.048495825594322,-0.252316745551025,-18.188916919241237,1.745589065011867,1.476763590496849,1.709819546969857,1.202617315855879,1
15.911570549011230,-15.488236572892079,12.965367266282488,1.741283482138618,0.528445046555538,2.961766013606853,0.126481525040092,0.051538439014783,-2.030339298543197,-0.236314402532176,-18.162893175154707,1.409035497470048,1.297377579775233,1.723763004752923,1.213677309723115,1
15.919996976852417,-15.483783649062916,12.990252427146689,1.742341006114979,0.528235110731453,2.944704967581993,0.124534819065467,-0.101283068884150,-2.019367418203410,-0.225906358114801,-18.103593707552555,1.200322217687831,1.174174156412699,1.734023589424637,1.221662056604059,1
15.930036067962646,-15.478488675616815,13.019713719602043,1.743580059952929,0.526307682671596,2.924488665683759,0.122323691062629,-0.282504628193416,-2.008404562810318,-0.214816840317706,-17.991430223587784,0.990316470791993,1.036683618443948,1.746336170809119,1.231214292233437,1
15.940031051635742,-15.473245462753615,13.048843081306593,1.744792091621330,0.522587884666701,2.904461632935047,0.120226272276111,-0.461589984294454,-1.999393642126755,-0.205099598880332,-17.837721483313700,0.818667894474197,0.909325110080684,1.758689544185964,1.240766370676029,1
15.950191020965576,-15.467962426506967,13.078252015838679,1.746003267442024,0.516980092601246,2.884185650268718,0.118187103835140,-0.641873267574582,-1.991817163083591,-0.196478730676901,-17.641401360354408,0.677937142112615,0.789041988311891,1.771346394289625,1.250520494265983,1
15.960088014602661,-15.462880155261733,13.106699337972211,1.747163464857520,0.509767055462250,2.864503971959409,0.116279390243883,-0.815373602502680,-1.985666120821128,-0.189214406516936,-17.414108761870828,0.569442449436227,0.680284624107691,1.783769975390349,1.260063155452672,1
15.970012664794922,-15.457864952961717,13.135024730063906,1.748308039524926,0.500824426311146,2.844828005211752,0.114433714316618,-0.985962790091825,-1.980218432622421,-0.182965683726217,-16.590226417298837,0.626138546040944,0.583270435180307,1.796330054256505,1.275394473319658,1
15.979991674423218,-15.452918279361679,13.163318859300624,1.749441118965990,0.490189646415259,2.825101255567358,0.112635285160859,-1.142029733948236,-1.972327609920434,-0.177563215064688,-14.707307548508984,0.948433826215899,0.500215785202314,1.809192363163427,1.302017848056176,1
15.989993095397949,-15.448075181658124,13.191475412289893,1.750558831272776,0.478061904602556,2.805427501011535,0.110883096046480,-1.280254754902835,-1.961391563531850,-0.172954929222037,-12.955909236541171,1.232041722581765,0.422157331783965,1.822345524906839,1.328149343918875,1
16.000047445297241,-15.443335414509164,13.219583243159327,1.751665015055290,0.464562917210296,2.785773578213236,0.109164226326484,-1.402218152941646,-1.947730627644300,-0.169083774445820,-11.326363184241844,1.479174391168216,0.348712722070568,1.835828951388705,1.353866348517559,1
16.009992361068726,-15.438786402994046,13.247192121196960,1.752742362739088,0.450082543293980,2.766479829805329,0.107498768967166,-1.507361877704599,-1.931953549724379,-0.165957135519779,-9.838452516934939,1.687851928037788,0.280839847504960,1.849417590058983,1.378758807166451,1
16.020037889480591,-15.434342640689826,13.274886341680761,1.753813941016829,0.434467261969815,2.747160150128808,0.105844678711444,-1.599150564262580,-1.914083731606451,-0.163460783575766,-8.455273160865509,1.864198167368748,0.216917630146834,1.863392274352557,1.403352571566906,1
16.030026197433472,-15.430084368431778,13.302229357788089,1.754862980145294,0.418094910623416,2.728138092251144,0.104221878646180,-1.677210131269482,-1.894725617743720,-0.161593058852407,-7.194197525828542,2.006845023140883,0.157805879271593,1.877528549662837,1.427255980826808,1
16.039992332458496,-15.426002499383083,13.329321356271526,1.755893546147441,0.401036933432652,2.709356081163085,0.102618713893969,-1.746205088858908,-1.875398497870542,-0.160211863052002,-6.973094334230207,1.746649927300940,0.128301626280186,1.891813482389639,1.434285904665854,1
16.049993276596069,-15.422079976161879,13.356325885265043,1.756911911026124,0.383219427322215,2.690679218344903,0.101022471258693,-1.817058241694824,-1.860049095729146,-0.159011451357552,-7.185152955169794,1.329784628863702,0.111652127983207,1.906153094470699,1.433188707908650,1
16.060123443603516,-15.418292298390359,13.383488326133529,1.757927168932486,0.364440288926418,2.671897713603040,0.099417054667940,-1.890685516622198,-1.848541673746021,-0.157968033580349,-7.341387519333335,0.948604864393441,0.094258440766486,1.920666970503521,1.432248758652248,1
16.070297479629517,-15.414683288066007,13.410579318619218,1.758930574958053,0.344820553628155,2.653131811089759,0.097814302766487,-1.965952151994652,-1.840677328727110,-0.157100005262330,-7.444515745368872,0.603113000355754,0.076278870513897,1.935236019536982,1.431478279927586,1
16.079995870590210,-15.411432752977726,13.436223313983263,1.759871815965171,0.325403360659456,2.635304217898134,0.096294036128621,-2.038440947437261,-1.836297113979913,-0.156445170347581,-7.497484288913481,0.304975144003873,0.058693741326435,1.949115810793434,1.430905857572055,1
16.089989423751831,-15.408284146620751,13.462465213330931,1.760826242010913,0.304659334168720,2.616965307955906,0.094733365628414,-2.113458454169304,-1.834665658821917,-0.155950986450708,-7.510469717911924,0.026055662463674,0.040146269416406,1.963412019430737,1.430481390250850,1
16.100014209747314,-15.405337122418073,13.488610633044495,1.761768204493684,0.283092635508146,2.598567937427927,0.093171505280831,-2.188663357148251,-1.835699655491575,-0.155643478119768,-7.485572935331630,-0.228344490721962,0.021131007292934,1.977752563840091,1.430224153566970,1
16.110025644302368,-15.402614023942043,13.514532757388276,1.762693146414152,0.260804888006990,2.580177406057484,0.091615076369309,-2.264203141476936,-1.838575139573250,-0.155236206614808,-7.601957276938309,-0.345747069255919,0.059909690497724,1.992077993938035,1.431758049749994,1
16.119992494583130,-15.400128396603984,13.540157006297870,1.763598539624332,0.237859323405635,2.561833913572810,0.090071465105966,-2.340428382371442,-1.842610804504161,-0.154462597497613,-7.689315829327861,-0.464526073627149,0.094628893868931,2.006355957196639,1.433421667866192,1
16.130788087844849,-15.397698613296267,13.567705439552100,1.764561914184101,0.212144140480938,2.541912668458616,0.088410163667915,-2.423803977700184,-1.848332574458160,-0.153258914479141,-7.751791445434130,-0.595973624463618,0.127580381375659,2.021840608377268,1.435364646184734,1
16.140659332275391,-15.395723641181737,13.592709535006824,1.765427270054009,0.187837543222133,2.523634540223652,0.086903817132732,-2.500496066310093,-1.854818983124211,-0.151867639101676,-7.780808001581541,-0.718438802518597,0.153641892130828,2.036020115907512,1.437269853005460,1
16.149994611740112,-15.394080253917645,13.616185653322800,1.766231884470504,0.164157379343980,2.506287611902086,0.085493212472359,-2.573161391744921,-1.862072652966337,-0.150331944407471,-7.784510606748404,-0.835977598052963,0.174846103242041,2.049445252730998,1.439184112884996,1
16.160096883773804,-15.392554564474221,13.641409092609289,1.767087899927983,0.137766255803983,2.487432050307156,0.083983820206927,-2.651716317370497,-1.871167242043185,-0.148464902732457,-7.763549315336217,-0.964833397424606,0.194176509162879,2.063994918857142,1.441379304767538,1
16.169990301132202,-15.391322558394922,13.665927737780954,1.767911592402982,0.111151216511942,2.468869620239044,0.082524678302066,-2.728225054191988,-1.881342845788646,-0.146478579772666,-7.657826546202158,-1.092198209980024,0.201160031700773,2.078265206384466,1.442613477421120,1
16.179997920989990,-15.390348167332837,13.690538511437897,1.768730088716644,0.083471369468482,2.449986767887725,0.081068789890836,-2.803656555145414,-1.892934566681096,-0.144525522497504,-7.418057082393884,-1.225772004081250,0.188932925735883,2.092697342918222,1.441921975157372,1
16.189993143081665,-15.389655073373605,13.714934225631403,1.769533276739587,0.055078923345972,2.431001113536299,0.079633304504828,-2.876602297805347,-1.905882245250847,-0.142704230146541,-7.176289235180814,-1.365775743328455,0.175224965826862,2.107108369658729,1.441416961821025,1
16.199999570846558,-15.389249133365695,13.739164211922343,1.770323005908134,0.025939202414305,2.411859252037782,0.078213870866207,-2.947190687382653,-1.920274118518417,-0.141025343561182,-6.931919615956037,-1.511630521912502,0.160113722731180,2.121530050304985,1.441097382844553,1
16.212949275970459,-15.389162822772519,13.770235503352559,1.771324083924995,-0.012798360128862,2.386860099119856,0.076400474185707,-3.034890276654538,-1.941109616257386,-0.139088600812911,-6.612029577026031,-1.707488915813973,0.138663430361569,2.140190610584118,1.440959984821728,1
16.220000028610229,-15.389328807749779,13.787011220665967,1.771859153585966,-0.034352906959008,2.373134661843280,0.075423435543719,-3.080876697901568,-1.953529559546817,-0.138154952223676,-6.436129597802250,-1.816887125892249,0.126161186062757,2.150347514777419,1.441016156370325,1
16.237371683120728,-15.390395903066320,13.827938414436089,1.773148588870188,-0.088818895356404,2.338913135927797,0.073041227074005,-3.188278131160565,-1.986718530995407,-0.136051171714377,-5.700737673958625,-1.717986901742875,0.189514368005144,2.175379863924323,1.439921183339276,1
16.240089416503906,-15.390649268404518,13.834292064952239,1.773346732303091,-0.097510621619434,2.333503873099210,0.072671989350309,-3.203421420884553,-1.991114334919991,-0.135456846534886,-5.436221712640251,-1.515695985756408,0.247257538456850,2.179294612913524,1.438953243979068,1
16.250002622604370,-15.391774189225181,13.857327069064212,1.774060554312912,-0.129519254671783,2.313702147028804,0.071344597813571,-3.252665764415100,-2.002677293442340,-0.132015556671150,-4.507950706734172,-0.830601611241636,0.443266803631265,2.193542529638246,1.435540329944081,1
16.260069131851196,-15.393243140472444,13.880510920629483,1.774771972651815,-0.162467591822732,2.293515597997114,0.070041498681608,-3.293528149385908,-2.007877601062260,-0.126647627811789,-3.621714239972250,-0.216120340645509,0.619790361310455,2.207973327394660,1.432260725933659,1
16.270102262496948,-15.395040195671001,13.903428577328299,1.775468674502451,-0.195691242958720,2.273362016882125,0.068804301876540,-3.325670357051372,-2.007297310972581,-0.119634222490082,-2.792246382833064,0.319171798773367,0.774292569343332,2.222332531727795,1.429175947750680,1
16.280007839202881,-15.397142099975015,13.925848057180598,1.776144450273761,-0.228756563015601,2.253502937521448,0.067659540487070,-3.349486288891158,-2.001819493475117,-0.111293152476007,-2.024907152267504,0.775227559328632,0.906652135628075,2.236474336510568,1.426313477044286,1
16.289996385574341,-15.399594504593505,13.948258092299886,1.776814890258605,-0.262302633372771,2.233552648721372,0.066595065686292,-3.366055259062736,-1.992067657823601,-0.101650769109675,-1.300765966230681,1.166064879215843,1.020839516704301,2.250707818912981,1.423609851050096,1
16.299993991851807,-15.402385242544804,13.970488397342285,1.777475759985354,-0.296007861268105,2.213701174059486,0.065631512028106,-3.375637666642558,-1.978730724289332,-0.090951057167801,-0.624081737843119,1.491326369260050,1.116665857917128,2.264927410644603,1.421087937582141,1
16.309999227523804,-15.405516015775278,13.992538703607162,1.778128062681777,-0.329815324040318,2.193966625394287,0.064775155313858,-3.382299043812562,-1.967131859894161,-0.080453452791699,-0.706957916378433,0.828434592059978,0.981562572897256,2.279136449067207,1.419205969527996,1
16.320969343185425,-15.409337719079151,14.016488031039584,1.778834005335947,-0.366962787963883,2.172423155363515,0.063948740992301,-3.390458702689694,-1.961888385662910,-0.070478888996062,-0.776442477869126,0.133892498473356,0.837935032544282,2.294694880998412,1.417414679305620,1
16.329995155334473,-15.412788149887422,14.036016514708566,1.779408438133820,-0.397597446019300,2.154713044470022,0.063345168679125,-3.397652815191762,-1.963150225128003,-0.063432498069926,-0.814875163623250,-0.409276790742469,0.724051880092085,2.307482698042324,1.416152624046492,1
16.340963363647461,-15.417353633983954,14.059531646137749,1.780099557436330,-0.434913242021233,2.133143443356873,0.062690280447368,-3.406748466939589,-1.971107701153644,-0.056226789445090,-0.839766193998816,-1.035629380608360,0.590808913566960,2.323008097926393,1.414876390607575,1
16.349995136260986,-15.421420835088835,14.078717680104919,1.780663552605548,-0.465717380783158,2.115291409593627,0.062205090042905,-3.414359422908153,-1.982686192051605,-0.051370039312845,-0.843026351584294,-1.524194935563134,0.485268708717188,2.335783344345523,1.414037457785481,1
16.360045194625854,-15.426273895636387,14.099876072898425,1.781286200368497,-0.500074309072857,2.095279523712023,0.061711402602563,-3.422777255922567,-2.000618683604637,-0.047065019106696,-0.829145018462169,-2.039516412726709,0.372210257519415,2.349990744950766,1.413329040780219,1
16.370143890380859,-15.431497903931243,14.120930308446564,1.781906976646047,-0.534676804011669,2.074966353896869,0.061253277365912,-3.431005937493393,-2.023703342784464,-0.043860768614266,-0.798615776738374,-2.528548911918359,0.263275499175796,2.364222328888572,1.391662596226965,1
16.380007266998291,-15.436939050186879,14.141299090880144,1.782509088756401,-0.568558760918332,2.054873921324204,0.060831769341236,-3.438677964898186,-2.050891101441007,-0.041769847792376,-0.754190117905869,-2.979255463902948,0.161390693333840,2.377650503073762,1.331062612344356,1
16.390127182006836,-15.442869314159941,14.161989657837081,1.783122614517545,-0.603397160151279,2.033958002791634,0.060415579646772,-3.446009587883345,-2.083261062108649,-0.040646697864329,-0.691950843106295,-3.412929492314751,0.061312759477977,2.390809058116790,1.269433768784304,1
16.402086019515991,-15.450331078715196,14.186161061299844,1.783842145980344,-0.644650676934404,2.008791533308222,0.059931205908393,-3.453742626306048,-2.126955653014122,-0.040592475085638,-0.597847321180391,-3.888786880849695,-0.051221742122195,2.405556627523311,1.197329173531253,1
16.411782026290894,-15.456744536175730,14.205539154603393,1.784421362716498,-0.678167380616627,1.987978509636406,0.059533808185771,-3.459105768434384,-2.166417985482750,-0.041513166806595,-0.506095533151217,-4.246360547265309,-0.138015964871436,2.416885642958309,1.139424507887923,1
16.421464443206787,-15.463472882762336,14.224684917193342,1.784995809804909,-0.711681196803224,1.966798538882582,0.059124093159515,-3.463509591052246,-2.209160791585104,-0.043253177174267,-0.401474612526432,-4.578757142166967,-0.220762326044029,2.427639895922076,1.082112957268330,1
16.431393623352051,-15.470710797170108,14.244105809466063,1.785580748040461,-0.746092183398799,1.944630231300267,0.058682353392529,-3.466910611934981,-2.256217868412580,-0.045850205902641,-0.281426523947779,-4.894716161613215,-0.301628489696700,2.438095748127827,1.023859175501622,1
16.439992189407349,-15.477253571899841,14.260741075651628,1.786083548080562,-0.775909141286508,1.925049958581614,0.058276322817136,-3.469197189389492,-2.298548636701468,-0.048664408170792,-0.272069967640850,-4.892846972634512,-0.347988583977979,2.446846883535629,1.023125120835411,1
16.449948072433472,-15.485150990149897,14.279793291510618,1.786661310759933,-0.810464184147397,1.901923166285035,0.057773794357863,-3.471942594506421,-2.346828550677447,-0.052353756623632,-0.275401127386843,-4.806285254471882,-0.392798758488042,2.457113562380794,1.039155005694210,1
16.460986137390137,-15.494308111389806,14.300641908865389,1.787295714285170,-0.848802494342104,1.875728908792861,0.057171030859580,-3.474877525842234,-2.399381486940523,-0.056953918744722,-0.251729592788413,-4.717455132104108,-0.440378954787905,2.468681195966474,1.056880939270786,1
16.469991445541382,-15.502093606937718,14.317437332036389,1.787808246950122,-0.880107885074134,1.853929053443825,0.056639721032781,-3.476979642920120,-2.441561534471070,-0.061088668605877,-0.212122182036824,-4.650108934433652,-0.477571248572856,2.478264742185488,1.071310116770352,1
16.479990482330322,-15.511067904604840,14.335852446596911,1.788371467868584,-0.914884781905884,1.829283920088745,0.056004336482001,-3.478796735714037,-2.487706107742251,-0.066063409446982,-0.147848904704525,-4.580312369165178,-0.517148225521755,2.489057011775101,1.087293881302985,1
16.490764856338501,-15.521126482391502,14.355415200241941,1.788970895498447,-0.952371063729389,1.802217777774706,0.055261782718989,-3.479914918461868,-2.536671873091262,-0.071855697700001,-0.055914776302197,-4.510476535018560,-0.557771603764643,2.500863724181276,1.104472688587223,1
16.500015974044800,-15.530085190423570,14.371977315383171,1.789478940189443,-0.984562747295483,1.778560371678365,0.054572745211362,-3.479997158436702,-2.578134209088978,-0.077170106731403,0.040792088792989,-4.454553460329804,-0.590983163307798,2.511148623889488,1.119187207597165,1
16.510001182556152,-15.540089973446273,14.389607776494502,1.790019928934434,-1.019308996660409,1.752600250119240,0.053773289847185,-3.479341897886101,-2.620492951315160,-0.082801661896291,0.075167755656215,-3.934278465167700,-0.513673854158115,2.522410366724163,1.136809010395460,1
16.520002126693726,-15.550458514724554,14.407004577339185,1.790553515611736,-1.054103138341849,1.726205115744043,0.052921167504226,-3.478441882328606,-2.656774523793090,-0.087432113973239,0.108662391537652,-3.328713911923818,-0.413794692330762,2.533870186577127,1.154803858041384,1
16.529995679855347,-15.561166428263274,14.424122302547977,1.791077955199185,-1.088858865713315,1.699497779445539,0.052028296679592,-3.477094503327105,-2.687206264342642,-0.091105813909769,0.164641855912837,-2.768974673344040,-0.322869277065004,2.545499990280158,1.172631933106538,1
16.544984340667725,-15.577876894570403,14.449291409845838,1.791847368123042,-1.140951508463953,1.658939700164817,0.050631206023176,-3.473757839731639,-2.722907130957013,-0.095018870842638,0.288288410049980,-2.010790244927911,-0.202386193373532,2.563274278052661,1.199084239762712,1
16.550854682922363,-15.584635622188800,14.458984538064181,1.792142994701972,-1.161341660574172,1.642919628290394,0.050070080232900,-3.471890257140634,-2.733909316897778,-0.096081880366721,0.348999037947758,-1.739338667927443,-0.160173927473453,2.570344627159334,1.209352816835041,1
16.560041666030884,-15.595450745906245,14.473961658041583,1.792598890867808,-1.193220010702932,1.617736861492595,0.049181540623199,-3.468199681379748,-2.748038718051761,-0.097269782405377,0.457088737267811,-1.342341871695207,-0.099527154022984,2.581527766219771,1.225313865557058,1
16.569949626922607,-15.607442398350129,14.489853908338532,1.793081357085868,-1.227555753764161,1.590451914607135,0.048213936830467,-3.463007534338023,-2.759505707862446,-0.097989209477173,0.601849616601238,-1.047381743630961,-0.060847176745991,2.593751038562512,1.241759854267930,1
16.579960346221924,-15.619904527832519,14.505637031305854,1.793559092582260,-1.262189685289825,1.562775450841948,0.047229725136868,-3.456045205837964,-2.769798887694797,-0.098665080219311,0.791520978524906,-1.010770392468500,-0.074466033797438,2.606256852551931,1.256710034383897,1
16.589993476867676,-15.632742976920943,14.521178081431804,1.794028008500562,-1.296823898858514,1.534933322875063,0.046235736427691,-3.447090839445033,-2.779798834516463,-0.099487656929145,0.995550039075216,-0.984085349391764,-0.089756754008487,2.618941294395439,1.271606193260152,1
16.601284265518188,-15.647604927550951,14.538331625862611,1.794543693105661,-1.335676512405825,1.503484271780468,0.045106303087344,-3.434481596356707,-2.790792800037149,-0.100606673832603,1.240560266914679,-0.965184993043312,-0.108759005264668,2.633393174697585,1.288262732112120,1
16.610029458999634,-15.659416865135352,14.551373061681506,1.794934296775827,-1.365661757150765,1.479041451815422,0.044222119772345,-3.422763874253340,-2.799197780238227,-0.101626637615197,1.440692365576211,-0.958058360617406,-0.124668499332937,2.644715403795505,1.301086500608717,1
16.620141029357910,-15.673400903679211,14.566185573919334,1.795376244489741,-1.400194361954237,1.450687564110896,0.043187788684486,-3.406982485732305,-2.808875420536695,-0.102985193436404,1.682464409978006,-0.957366860447994,-0.144238228757080,2.657946360735261,1.315830285675479,1
16.629995822906494,-15.687364348062692,14.580344913502845,1.795796816574229,-1.433683029760417,1.422960782520824,0.042165589525694,-3.389200804816111,-2.818336364455590,-0.104505119813701,1.927899851027860,-0.963880246510524,-0.164403443046211,2.670983724695206,1.330112338236401,1
16.640016078948975,-15.701894433033218,14.594456372308937,1.796213894675675,-1.467529093892424,1.394681381169019,0.041110111340735,-3.368302504059729,-2.828569858636197,-0.106306445195627,2.275863055319399,-1.131484086988501,-0.200161534191320,2.684193477933744,1.288791843491294,1
16.650121688842773,-15.716902019800163,14.608411052700642,1.796624025628825,-1.501457639077234,1.366024227159658,0.040024448133228,-3.343290710123525,-2.841226309986853,-0.108548763182400,2.671833648262770,-1.370354851926203,-0.243375607270391,2.696869837942502,1.219148076746305,1
16.660112857818604,-15.732069745905354,14.621917183817150,1.797018456580138,-1.534721195210625,1.337564881990399,0.038927067001529,-3.314654574376938,-2.856046606219535,-0.111191783630207,3.059863994766464,-1.594313866648814,-0.285608812942956,2.708709407301441,1.150965948856742,1
16.669988155364990,-15.747387440328268,14.634987131899960,1.797397421683249,-1.567300570341161,1.309278009101557,0.037814362258540,-3.282557320069930,-2.872835921988274,-0.114216262679701,3.439675876337377,-1.803818802540004,-0.326795709734138,2.719745904101053,1.084203371907655,1
16.680123329162598,-15.763439140707339,14.648108103183901,1.797774725844748,-1.600384254575578,1.280067216754223,0.036639345035481,-3.245741255346280,-2.892154315493908,-0.117739540880126,3.825066160359752,-2.006522514164571,-0.368389764309741,2.730389307114104,1.016345333864270,1
16.689978122711182,-15.779368358718118,14.660582731878888,1.798130038326928,-1.632180144881541,1.251463765729965,0.035460453957599,-3.206216705112122,-2.912851253269504,-0.121566419919375,4.195116412828530,-2.191688749684333,-0.408097028328424,2.740083110564219,0.950991333119645,1
16.700038671493530,-15.795950120106882,14.673025061569824,1.798480558690665,-1.664217080128811,1.222045632782694,0.034216133031346,-3.162134275006313,-2.935800235394079,-0.125872410951351,4.568057556918759,-2.369306020026083,-0.447969229785070,2.749317498240301,0.884913263461612,1
16.709973335266113,-15.812638833195063,14.685020385482424,1.798814194163613,-1.695396363115999,1.192753209107319,0.032941341066063,-3.113736252079175,-2.962130235218976,-0.130978534916993,5.170053066169661,-2.923072596064295,-0.578302826416394,2.757761306001193,0.815074823301611,1
16.719991683959961,-15.829778449677212,14.696820086182383,1.799137521828465,-1.726320182362569,1.162923573177467,0.031598123820417,-3.059032213006526,-2.994003572196731,-0.137388391780332,5.746103435229284,-3.432079678456192,-0.699732686203854,2.765576921716641,0.745381974198137,1
16.729990482330322,-15.847191511561489,14.708297668746621,1.799446475985581,-1.756610393447335,1.132807709737481,0.030187529357930,-2.998830568136099,-3.030659603921274,-0.144950169923217,6.290664746094904,-3.892142793204902,-0.811209744543596,2.772685134828980,0.676553294404203,1
16.739989042282104,-15.864905192080021,14.719472747425920,1.799740943401720,-1.786273335656336,1.102301647899723,0.028695838732604,-2.933329885430032,-3.071684291197344,-0.153579648771510,6.805517868766122,-4.305767551292302,-0.913263061934780,2.779109087448681,0.608452165367843,1
16.749998092651367,-15.882929000355832,14.730350631399807,1.800020299058380,-1.815282686442127,1.071336467181519,0.027111393887730,-2.862759298712791,-3.116662168787609,-0.163192970455533,7.291700661856346,-4.674707756474120,-1.006249958286263,2.784860762990608,0.541019579429409,1
16.759989261627197,-15.901207889804772,14.740898433935932,1.800282863533003,-1.843514003381801,1.039957710154361,0.025429207082731,-2.787599073935127,-3.165027158831968,-0.173673536491292,7.748582951032258,-4.999477809878827,-1.090212647522843,2.789933055523497,0.474432977799203,1
16.769993066787720,-15.919787773706698,14.751142509852881,1.800528371227182,-1.871005202294724,1.008041447137389,0.023635944531131,-2.708140888848381,-3.216179465867461,-0.185022239718875,8.041661404487671,-5.095647550869090,-1.200747270852486,2.794353326084039,0.411312438004310,1
16.780113697052002,-15.938861734289404,14.761179409971129,1.800757901552139,-1.898002476378065,0.975234190287680,0.021698834120937,-2.626676595926348,-3.266266896231178,-0.198052111668966,8.058571994062540,-4.803957078793490,-1.371536451619226,2.798225065848591,0.353870268378788,1
16.789990425109863,-15.957733233533469,14.770650786480576,1.800962314472390,-1.923550140342547,0.942746706977533,0.019673448719015,-2.546954700087573,-3.312351718203610,-0.212361242312235,8.088021808164763,-4.530510967278764,-1.523902286042478,2.801445508701807,0.298400070863718,1
16.799994945526123,-15.977104006235191,14.779916219754758,1.801148254033567,-1.948626372629808,0.909385172731655,0.017470158078954,-2.465836488253730,-3.356337277510048,-0.228321386325202,8.129823123720826,-4.264153878189484,-1.664304444974519,2.804152265027064,0.242791843568443,1
16.810123443603516,-15.996966205827656,14.788954249900586,1.801313198798778,-1.973184287101767,0.875175461844847,0.015069927144244,-2.383229697712608,-3.398205857509171,-0.245839949704196,8.183335804741533,-4.004811400129737,-1.792589442964613,2.806328857818892,0.187094399444032,1
16.820165157318115,-16.016899607717392,14.797570715748895,1.801451827426366,-1.996702937790754,0.840853115454586,0.012508862521088,-2.300744055627293,-3.437171657449342,-0.264423662935901,8.246457165999228,-3.757344675787961,-1.906450968229474,2.807932886607863,0.132470010355657,1
16.830007314682007,-16.036661112138120,14.805679268336952,1.801561825161275,-2.018946177776824,0.806846583982416,0.009812444174222,-2.219242355806782,-3.472993888744988,-0.283684594829728,8.317061231141444,-3.523579419916370,-2.005588157141173,2.808975561237994,0.079509384926143,1
16.839948177337646,-16.056839469313349,14.813527853912566,1.801645020478765,-2.040596244723909,0.772154125196219,0.006891926498733,-2.136686490124941,-3.505769079783458,-0.304000931481951,8.240099157801128,-2.955120776226710,-2.072612780878583,2.809515223177617,0.030534217310465,1
16.850065708160400,-16.077592717449541,14.821160059926711,1.801698829542666,-2.061794464786471,0.736546423793001,0.003709350477434,-2.054036972108477,-3.532005668344735,-0.325213231904271,8.103223346361037,-2.241250288283903,-2.119022232778087,2.809585074916022,-0.016642349929184,1
16.859977483749390,-16.098129341347100,14.828287042339818,1.801719275483397,-2.081758357349539,0.701436942705491,0.000381026505464,-1.974261816239567,-3.550988951059272,-0.346403948972196,7.997588990002071,-1.598076598259221,-2.155124036263164,2.809193047613897,-0.062377057624953,1
16.870043992996216,-16.119183554698868,14.835167740516464,1.801705192814967,-2.101228082041728,0.665621099081896,-0.003215661840776,-1.894182240071036,-3.564016798775615,-0.368244191619763,7.917255417590382,-0.999250553309686,-2.182666223455612,2.808333438204652,-0.108330342765790,1
16.880082368850708,-16.140371588009018,14.841670079567269,1.801653986768537,-2.119845578344689,0.629801478706318,-0.007022743872387,-1.814998068279233,-3.571269057342040,-0.390256594830219,7.862325598706577,-0.454025420929130,-2.201342733593869,2.807017961149190,-0.153664635852167,1
16.889997243881226,-16.161474979754352,14.847738184334489,1.801564830103954,-2.137453137912603,0.594382956768403,-0.010999998923134,-1.737226895143810,-3.573302676053123,-0.412137105499250,7.830986445634855,0.035934547967489,-2.211521335474609,2.805274667266020,-0.197949709121580,1
16.899995326995850,-16.182931451857069,14.853502436290766,1.801433880044641,-2.154431330429387,0.558665373660863,-0.015231288056662,-1.658998758724054,-3.570667043092211,-0.434266598192064,7.820691283552849,0.483721015895014,-2.213814377104677,2.803074251663829,-0.242125760433387,1
16.909990310668945,-16.204545489227964,14.858907784893074,1.801259593557542,-2.170622056603283,0.523010637669509,-0.019681903974668,-1.580963425221425,-3.563402419406740,-0.456319476087967,7.798476830601780,0.961891903721250,-2.198057788571913,2.800439411120266,-0.285049091672482,1
16.920038461685181,-16.226435241614297,14.863983482358554,1.801038413977995,-2.186114592123196,0.487260205549756,-0.024377800536216,-1.502624273885195,-3.551529653412325,-0.478299796343103,7.797316891758707,1.393111568837240,-2.175796691365029,2.797360337044319,-0.327719890069054,1
16.930144548416138,-16.248602647661691,14.868726453673945,1.800767265551886,-2.200901147071463,0.451447733883765,-0.029321951528278,-1.423749612957093,-3.535462269377692,-0.500148450821187,7.815911375347765,1.779020900850803,-2.147265709936316,2.793833737344196,-0.370147811452709,1
16.939994573593140,-16.270351513420110,14.873002409163041,1.800453807130607,-2.214546731395131,0.416711838281087,-0.034352571437946,-1.346593755974915,-3.516264613707091,-0.521140775572440,7.851418341226471,2.111627881215132,-2.113805286756424,2.789985636320806,-0.411037692611916,1
16.949993133544922,-16.292560854212393,14.876993711480278,1.800083911860481,-2.227618074842260,0.381663243577675,-0.039668513033131,-1.267840187898444,-3.493636192702358,-0.542084314384612,7.903343538467325,2.407727239869363,-2.074418252194444,2.785670122810697,-0.452068648723944,1
16.959995031356812,-16.314902824031364,14.880636650129604,1.799659703579555,-2.239902233338253,0.346845951368271,-0.045193288767986,-1.188473296328673,-3.468238943734428,-0.562613173857086,7.969664556305379,2.664515945703743,-2.029830009087799,2.780945432174230,-0.492633156772253,1
16.969995975494385,-16.337359380230431,14.883932073636439,1.799179316324506,-2.251386771017318,0.312301054416371,-0.050920003116106,-1.108232847364572,-3.440843887746977,-0.582706015026088,8.149672799212613,2.645956727376148,-2.004671279465366,2.775813314495589,-0.535955165083208,1
16.979999303817749,-16.359935892499006,14.886884518762566,1.798640429637714,-2.262059025024692,0.278003117623996,-0.056849951581125,-1.024770477737920,-3.416993550000103,-0.602864222134403,8.530899115746816,2.130562150897522,-2.023667803010163,2.770202158347305,-0.585739370941178,1
16.990000724792480,-16.382608971160437,14.889494323779155,1.798041374669240,-2.271875354515527,0.243927717357906,-0.062980699899060,-0.937682742900923,-3.398058302554795,-0.623154787305136,8.879196261424022,1.664013448958418,-2.032270730584533,2.764097931811126,-0.634851810066479,1
17.000166893005371,-16.405753211658492,14.891798909653559,1.797368511401912,-2.280943885938481,0.209459315408015,-0.069421140232498,-0.845749905106395,-3.383347324611399,-0.643817302962094,9.200580976623844,1.237900018270668,-2.030819086064837,2.757392689022994,-0.684101715893521,1
17.009991645812988,-16.428204456973003,14.893693854291653,1.796655000381569,-2.288805216117790,0.176269210178638,-0.075844995498247,-0.753946945601323,-3.373023942051092,-0.663726075150188,9.480796431295852,0.870551455179971,-2.020068933012197,2.750439719699061,-0.731053276533699,1
17.020031213760376,-16.451216721649807,14.895293495004209,1.795859858469381,-2.295891503239077,0.142447636274159,-0.082609208400348,-0.657463565193414,-3.365986543902224,-0.683911149508011,9.737143588414925,0.538734983781767,-2.000020537529636,2.742863112861393,-0.778364557227587,1
17.030094623565674,-16.474351199627947,14.896556564462237,1.794993623032270,-2.302010415008450,0.108598944340155,-0.089592005245366,-0.558312590236718,-3.362060309309429,-0.703898671350671,9.964663978487826,0.248565079890590,-1.971148571251919,2.734794843434776,-0.825124503029851,1
17.040982007980347,-16.499447207034951,14.897539768739959,1.793975967251657,-2.307494434091678,0.072000904171115,-0.097372387904126,-0.448618690105410,-3.360854648885112,-0.725151020996201,10.178750175862584,-0.019250425105189,-1.931135958311313,2.725538548120121,-0.874966088393906,1
17.050022363662720,-16.520325402484655,14.898053346000726,1.793065792225805,-2.311132085683739,0.041613335730516,-0.104006576691028,-0.355887821165931,-3.361899349466874,-0.742432893416270,10.331921688020243,-0.206705382494434,-1.890978557462778,2.717443551113495,-0.915755078451503,1
17.060135126113892,-16.543713190949937,14.898302219066785,1.791975737690255,-2.314200125062584,0.007602358465502,-0.111610277616155,-0.250646724570496,-3.364899547779773,-0.761297651781520,10.477654052985649,-0.380459246072359,-1.838733579378896,2.707954918945464,-0.960742769885877,1
17.069988727569580,-16.566528545749343,14.898213690087276,1.790838639762540,-2.316159357763161,-0.025577210652975,-0.119200712456264,-0.146800904354130,-3.369338174887862,-0.779137038001869,10.594481840465182,-0.514752788046470,-1.780760401878778,2.698274120044058,-1.003934066019256,1
17.079994678497314,-16.589707840959360,14.897789050081366,1.789606716281522,-2.317096185927533,-0.059315847173966,-0.127084226484332,-0.040309899912903,-3.375028964502476,-0.796631284423143,10.688515573182556,-0.617249327761818,-1.715158032636652,2.688012867123184,-1.047132745617650,1
17.090039491653442,-16.612974025560636,14.897023214248220,1.788290218498200,-2.316960839579944,-0.093236936428939,-0.135168474335661,0.067386289013734,-3.381605439749205,-0.813495550492002,10.758829184441941,-0.687326543499546,-1.642880293325299,2.677283725850845,-1.089823234721694,1
17.100031852722168,-16.636122435772339,14.895922527903018,1.786898581067845,-2.315749371834879,-0.127064665525692,-0.143378554548830,0.175153199891433,-3.388692147232606,-0.829528308645952,10.805715806104523,-0.725944165074007,-1.564922648819843,2.666183497858286,-1.131650939400403,1
17.110047578811646,-16.659311266869100,14.894479408810561,1.785420313340770,-2.313451916371386,-0.161049659890667,-0.151766002223155,0.283548666456037,-3.396034603559273,-0.844787847466020,10.830534521309087,-0.735056086593361,-1.480557994705424,2.654639217020120,-1.172921222325498,1
17.120007038116455,-16.682333396907282,14.892707125297774,1.783866859281301,-2.310091105149357,-0.194904525424312,-0.160250585658980,0.391435977784214,-3.403282502307431,-0.859092438687978,10.833875872471614,-0.716052741901684,-1.391521099910883,2.642757410124878,-1.213290128988454,1
17.129988908767700,-16.705374979189511,14.890591566679779,1.782223950954079,-2.305643478435373,-0.228916364405215,-0.168895172755436,0.499527331119995,-3.410224602324259,-0.872518995209061,10.816674286166791,-0.670319557829359,-1.297443229071639,2.630445181761521,-1.253106155195971,1
17.139989852905273,-16.728409001300008,14.888131283514916,1.780490823883615,-2.300106755036417,-0.263057526945205,-0.177685287178779,0.607545404933389,-3.416593520068660,-0.885005711211994,10.779596087850614,-0.599099020453137,-1.198706562499314,2.617714999552683,-1.292337425818314,1
17.150029659271240,-16.751467551734365,14.885318159873139,1.778662230342641,-2.293465217699067,-0.297385702159942,-0.186628627143225,0.715495383677985,-3.422147374318600,-0.896524601767269,10.723191698994048,-0.503420660062493,-1.095433203204737,2.604546220105564,-1.331052329063064,1
17.160034179687500,-16.774374977471489,14.882171617079138,1.776750055253828,-2.285771554007669,-0.331645961077096,-0.195650981728248,0.822417750633200,-3.426611415727698,-0.906953006159654,10.648629877376800,-0.385307929698215,-0.988697966209010,2.591039437220941,-1.368973853809582,1
17.170109033584595,-16.797360241924178,14.878656367401945,1.774732707292559,-2.276946880168046,-0.366185836174044,-0.204836714952781,0.929247732069954,-3.429802608228377,-0.916357659623979,10.555558312634817,-0.244570448841511,-0.877699136648704,2.577057652326815,-1.406494216054699,1
17.180055141448975,-16.819960392628843,14.874844372162011,1.772649812475788,-2.267183615035757,-0.400310210196190,-0.213992915033034,1.033710722622297,-3.431459238402478,-0.924529640578212,10.446544964046799,-0.085338925259114,-0.764981140870846,2.562886352276843,-1.442877846733405,1
17.189960479736328,-16.842364138436743,14.870711024270570,1.770484771951938,-2.256434386718301,-0.434299703367953,-0.223185907661523,1.136579580093523,-3.431442598410700,-0.931539158648382,10.322290631818031,0.091663356004113,-0.649950199915695,2.548418087286122,-1.478461752395435,1
17.199996232986450,-16.864951258217285,14.866179498444486,1.768197807242441,-2.244509858152500,-0.468730600967622,-0.232565793364028,1.239480651401649,-3.429548953777947,-0.937466637893247,10.181130595504676,0.288534694736835,-0.530868016514864,2.533401723211916,-1.513858960038425,1
17.209988594055176,-16.887315645057345,14.861324614077601,1.765827040835835,-2.231618762713284,-0.502982019958929,-0.241957800022915,1.340451121314616,-3.425618121464169,-0.942169529009943,10.026041024956218,0.500841760230500,-0.410084895138398,2.518101363532231,-1.548442796700230,1
17.219990968704224,-16.909566826056363,14.856122714298227,1.763359873936400,-2.217713321109640,-0.537215101478239,-0.251399529608533,1.439893940412002,-3.419482847638839,-0.945658352838365,9.856974424067317,0.728424492558002,-0.287268303107703,2.502443999653502,-1.582400692677102,1
17.230180740356445,-16.932089910496074,14.850470820137641,1.760748843795871,-2.202531454729836,-0.572019273973714,-0.261048976431811,1.539406014803033,-3.410817274834843,-0.947940937593156,9.671197636534913,0.974596383465216,-0.160458559867565,2.486145145746716,-1.616322508609013,1
17.240101337432861,-16.953863018728949,14.844628372786223,1.758112413690664,-2.186786838014055,-0.605804568985368,-0.270458971373414,1.634401272045552,-3.399906977287485,-0.948915156408595,9.477940201449432,1.226908839909360,-0.035785304845233,2.469949175984665,-1.648689570192789,1
17.250067472457886,-16.975574108801268,14.838422209937621,1.755369857403076,-2.170030841331316,-0.639623230005686,-0.279915678938417,1.727843579208305,-3.386368313322926,-0.948643414166560,9.272127952088457,1.491852685909100,0.090475769944816,2.453358792224115,-1.680553061394094,1
17.259993553161621,-16.997027900883147,14.831906527378758,1.752544609167381,-2.152426417816709,-0.673159441812840,-0.289325683232930,1.818818540723677,-3.370206691994812,-0.947117733715960,9.056146891457372,1.766097887299191,0.217036935796322,2.436522263302960,-1.711639398571597,1
17.270025014877319,-17.018526347153706,14.824984659490543,1.749594708473003,-2.133729597040251,-0.706873112223857,-0.298813360621781,1.908523953366736,-3.351060760759399,-0.944296701652814,8.827387054299860,2.052657403181945,0.345482885114413,2.419197612499159,-1.742395392811835,1
17.280302524566650,-17.040353391519023,14.817543167588514,1.746473848025097,-2.113652780057166,-0.741199978171210,-0.308497811739083,1.997998935142409,-3.328418213279416,-0.940068364003005,8.582738252206651,2.354948111482703,0.477376888610495,2.401131133565511,-1.773219580003917,1
17.289988756179810,-17.060731701672314,14.810207959374631,1.743441643727390,-2.093900782262534,-0.773324793368440,-0.317579192630157,2.079980216741564,-3.304198834075282,-0.934842154388802,8.343253615980114,2.646895294880678,0.601707990745674,2.383817205185555,-1.801634002843957,1
17.299973249435425,-17.081527753652395,14.802324571265601,1.740225141569296,-2.072727241416946,-0.806169939088815,-0.326878564240365,2.161994506003059,-3.276250373020295,-0.928197324877869,8.088016834892468,2.953908708767172,0.729614531761261,2.365690063874515,-1.830269556442183,1
17.310712575912476,-17.103665514954592,14.793476741048677,1.736660595042623,-2.049043026064216,-0.841184843901336,-0.336804022262255,2.247364172980705,-3.242720516230625,-0.919618559629719,7.805812365183892,3.290072055800197,0.867567574443709,2.345867992489353,-1.860358914906874,1
17.320004463195801,-17.122606455167602,14.785521216832691,1.733491552781119,-2.027827942415723,-0.871168810773615,-0.345309635499780,2.318730996236443,-3.210783352806373,-0.911005984363654,7.554637469477443,3.584854667391281,0.986127015451102,2.328463675328240,-1.885774261740848,1
17.329998970031738,-17.142755107015894,14.776655207062984,1.729995275819488,-2.004282346341918,-0.903072371020975,-0.354362683789949,2.392852429725139,-3.173359084580307,-0.900517767749783,7.277740974036659,3.905130227549131,1.112625996862044,2.309483668409098,-1.912475709508488,1
17.339998960494995,-17.162678956022194,14.767465597285275,1.726406470753973,-1.979992307607253,-0.934608289637110,-0.363310975097922,2.464224111809148,-3.132690906154232,-0.888762647802511,6.994225797148757,4.228066917430811,1.237946843593604,2.290226233115985,-1.938537999497637,1
17.349992752075195,-17.182342842745754,14.757969363310275,1.722731356002910,-1.955020274429133,-0.965699952605867,-0.372129405506819,2.532684306200671,-3.088816149903364,-0.875770840120469,6.705066514838879,4.552306177950954,1.361703514796508,2.270725022051033,-1.963924450601149,1
17.360053777694702,-17.201883501672359,14.748097648792466,1.718943173465033,-1.929203874993219,-0.996541417538279,-0.380869764255802,2.598658763511275,-3.041369007190659,-0.861450647791407,6.408636623586127,4.879375433563844,1.484594667894412,2.250839673323124,-1.988817443000960,1
17.369995832443237,-17.220933829479616,14.738040725383357,1.715114311513656,-1.903056658047062,-1.026531688608789,-0.389358802706444,2.660895885027218,-2.991253102511378,-0.846095484645612,6.110649052503752,5.202387016085207,1.603942304495235,2.230947660652660,-2.012759215301418,1
17.379996299743652,-17.239831222191015,14.727626232868417,1.711178505099278,-1.876145955688671,-1.056180068208782,-0.397737979244629,2.720485443352346,-2.937605783732478,-0.829465467012977,5.806083516046253,5.526329937439469,1.721562255945866,2.210701451607632,-2.036183654157993,1
17.389997243881226,-17.258457447973264,14.716917461749224,1.707159560531344,-1.848653295487072,-1.085277152439928,-0.405945388479028,2.777014020847422,-2.880724803715226,-0.811668945023902,5.498028262361714,5.848412932656725,1.837030838393080,2.190223297412127,-2.058950799937495,1
17.400007009506226,-17.276821572044213,14.705911030662273,1.703055890116784,-1.820586459240868,-1.113813516650457,-0.413975883457878,2.830491024935309,-2.820582432104755,-0.792712457884306,5.186739453243477,6.168102557595449,1.950251322470860,2.169502880745407,-2.081078211525004,1
17.409999608993530,-17.294872225918549,14.694641084535583,1.698879846319091,-1.792048059411358,-1.141685905894942,-0.421798107611899,2.880758068553722,-2.757364919342046,-0.772669592017335,4.873505381504563,6.483827787867861,2.060760018489439,2.148599369802988,-2.102510821475002,1
17.419998645782471,-17.312645330668435,14.683089134228531,1.694624198138133,-1.763006269746011,-1.168926273494949,-0.429418873561816,2.927910829421976,-2.690973766428153,-0.751523345352378,4.558115654200613,6.795558310996156,2.168634531384302,2.127472821129289,-2.123297780575968,1
17.429999828338623,-17.330131127889707,14.671264484456472,1.690292074223369,-1.733499601014046,-1.195495446899965,-0.436825122845878,2.971915402685085,-2.621467637183803,-0.729305653965920,4.241128013584074,7.102485441122707,2.273674799129311,2.106135079448888,-2.143432765567750,1
17.440042495727539,-17.347388706545704,14.659128121283297,1.685869007595718,-1.703446574096079,-1.221457487276820,-0.444032569617832,3.012903003655785,-2.548619046923322,-0.705956108790625,3.921816939090248,7.405021892738805,2.376091959042158,2.084511580863297,-2.162986818248535,1
17.449994564056396,-17.364192485380958,14.646846514916962,1.681415184284461,-1.673271519069965,-1.246451114257404,-0.450939313281858,3.050357706050971,-2.473453805741602,-0.681815931098572,3.604783242771812,7.698615229179139,2.474425852744596,2.062890637877800,-2.181711309369381,1
17.460042715072632,-17.380850792525472,14.634198736399171,1.676850189681591,-1.642445209280290,-1.270910632583823,-0.457663601904307,3.084969497195700,-2.394638502735429,-0.656468310228094,3.284581373155517,7.988061415061874,2.570351433358940,2.040876787585874,-2.199953751990658,1
17.469996213912964,-17.397045140714233,14.621431740932733,1.672262853582314,-1.611582241206936,-1.294344773014299,-0.464068756681570,3.116084358457155,-2.313735315537842,-0.630426355016761,2.967699090627816,8.267260456959589,2.661912065750230,2.018892864369211,-2.217369086347591,1
17.480060100555420,-17.413106006516962,14.608289534362127,1.667560936769552,-1.580076684874119,-1.317207150227842,-0.470277121216297,3.144342223172456,-2.229146167121212,-0.603185862328658,2.648022449961279,8.541346877102621,2.750851746409509,1.996491150949226,-2.234315303190360,1
17.489995241165161,-17.428649055532617,14.595093967548177,1.662859237680338,-1.548710936377895,-1.338928651414698,-0.476132831930415,3.169088131117164,-2.142976272308237,-0.575434304762978,2.333570829139359,8.803238424370702,2.834933181064872,1.974211985929132,-2.250390703204225,1
17.500004291534424,-17.443990339853638,14.581587350801213,1.658065483280875,-1.516881276090409,-1.359931580553139,-0.481748752621172,3.190864912801692,-2.053586653787168,-0.546652841690408,2.018345696416532,9.057771731682301,2.915772539674029,1.951610484455712,-2.265927512222242,1
17.510094404220581,-17.459134141123826,14.567761524004631,1.653176910789956,-1.484585417814326,-1.380188587893567,-0.487115151379648,3.209636274303232,-1.960933169329458,-0.516835999992922,1.702496129701139,9.304414594359640,2.993232932740832,1.928669170490250,-2.280924426758554,1
17.520094394683838,-17.473818882582112,14.553863499056922,1.648280541453938,-1.452409918259300,-1.399328291579832,-0.492132501045922,3.225105427312158,-1.866712464227732,-0.486537742777071,1.391829564469031,9.538425340671520,3.065876582018048,1.905788943547956,-2.295124718539758,1
17.530586004257202,-17.488879586359371,14.539081063993875,1.643090976961217,-1.418501938218662,-1.418384219094283,-0.497067100102673,3.238010806488805,-1.765399297035918,-0.453990818560236,1.068777124264748,9.772278108673438,3.137573223952494,1.881633763069963,-2.309316161545785,1
17.540149927139282,-17.502297796144664,14.525436439671452,1.638316762324340,-1.387489428591435,-1.434818309075076,-0.501264589984805,3.246835986746246,-1.670962137676213,-0.423687354639120,0.777231619908133,9.974583965389572,3.198799461216227,1.859488319614150,-2.321621128055718,1
17.549992084503174,-17.515795346886243,14.511236431237815,1.633363588537355,-1.355503045371360,-1.450776721353549,-0.505278409755678,3.253022002665536,-1.571819264963898,-0.391913673162959,0.480481456999604,10.171519919334392,3.257602686325586,1.836580483670754,-2.333654550107744,1
17.560025215148926,-17.529232433315535,14.496602157940300,1.628274525139743,-1.322843567480504,-1.466032871670092,-0.509045876515421,3.256340629707255,-1.468803001882871,-0.358945228471698,0.181660525459251,10.360155857137384,3.313085519802029,1.813106141494263,-2.345266819305171,1
17.570018291473389,-17.542288177549054,14.481881430339385,1.623170588169680,-1.290300868820090,-1.480189495231839,-0.512466322861339,3.256686002359306,-1.364394283521826,-0.325582538981501,-0.111780075954837,10.535431474774551,3.363815544242763,1.789616358061453,-2.356170556659122,1
17.580971479415894,-17.556225771268537,14.465589109193719,1.617538657344001,-1.254642835458134,-1.494498358668771,-0.515829672054701,3.253723453722909,-1.248012460545388,-0.288457079622969,-0.428264706898828,10.712705819005931,3.414177716669283,1.763746758431887,-2.367363644025713,1
17.590005397796631,-17.567427693997537,14.452037968493007,1.612867220594355,-1.225269171095255,-1.505334072112469,-0.518295792607400,3.248691376245981,-1.150617756456695,-0.257441582396079,-0.685091408838475,10.846896309495152,3.451448811628190,1.742320201925895,-2.376001474496822,1
17.599996328353882,-17.579506974278914,14.436943023944091,1.607676813985796,-1.192851354070407,-1.516285894067511,-0.520694930891560,3.240447379911793,-1.041561784634706,-0.222772048650706,-0.964395821650212,10.982323330722286,3.488117334223453,1.718537162610816,-2.384928412619021,1
17.609999895095825,-17.591277776862999,14.421724479154344,1.602457444308550,-1.160488176024786,-1.526153631169703,-0.522748363696774,3.229422887749177,-0.931079136480505,-0.187714934428502,-1.238818796838756,11.103977303521413,3.519994507661191,1.694637406961438,-2.393208672223852,1
17.622038841247559,-17.605015185264289,14.403286963129682,1.596151527693866,-1.121706952525854,-1.536554952716820,-0.524752353338260,3.212556799467124,-0.796610544113908,-0.145138887705443,-1.561729608080658,11.231476707268193,3.551871150520106,1.665770012037649,-2.402300433951168,1
17.630046367645264,-17.613893642174549,14.390959485345666,1.591945586605107,-1.096036932496938,-1.542572436710371,-0.525800406777196,3.199208661947444,-0.706383111804415,-0.116628573138283,-1.771830915143116,11.304628497146700,3.569115459981467,1.646512871651627,-2.407818981085683,1
17.640097141265869,-17.624748890524643,14.375420938058298,1.586655348505866,-1.063974761454790,-1.549100046382964,-0.526792070325551,3.180096475246760,-0.592350661142822,-0.080664137784641,-2.030077109877887,11.383073602298625,3.586257554252819,1.622278909074527,-2.414149341375875,1
17.650016307830811,-17.635147021517287,14.360027129088484,1.581426374335955,-1.032533320932211,-1.554414822830638,-0.527415570590916,3.158720443822949,-0.479111850450456,-0.045026282848435,-2.278710157851041,11.445684414235105,3.598231598878375,1.598303120101746,-2.419744916561889,1
17.661001443862915,-17.646299472405765,14.342925294755055,1.575630721305589,-0.997977263906377,-1.558986200792336,-0.527692903967902,3.132210042393540,-0.353077310484571,-0.005452458731988,-2.546547188842077,11.497628565219332,3.605734699304995,1.571691281319699,-2.425185847401967,1
17.669990539550781,-17.655144846751110,14.328897429480730,1.570887078234413,-0.969925078851996,-1.561695269617350,-0.527596183170821,3.108354949662185,-0.249577217256202,0.026972763330345,-2.759667554583136,11.526386801632492,3.607358672970717,1.549871562446729,-2.429047583819452,1
17.680202960968018,-17.664887868986415,14.312938890117710,1.565501467543720,-0.938331479708587,-1.563642524504593,-0.527132690432702,3.078966598988874,-0.131769972469767,0.063798714559165,-2.994919808202612,11.543895005933445,3.604262131015645,1.525047155279700,-2.432788969599280,1
17.690012454986572,-17.673944550747411,14.297596197585635,1.560334324384752,-0.908276736352400,-1.564379619763060,-0.526333576457233,3.048509119708108,-0.018513208459741,0.099118930778627,-3.213861941797485,11.545413850250585,3.596335079733350,1.501168331546782,-2.435736645125314,1
17.699992418289185,-17.682858264115030,14.281983990975418,1.555086815610269,-0.878014946971584,-1.563989541534566,-0.525165407615509,3.015351824907198,0.096658564763943,0.134951020222142,-3.429356412722103,11.531473724213345,3.583291307035750,1.476846339633256,-2.438085819167610,1
17.710031747817993,-17.691521576898150,14.266289399227094,1.549821911344188,-0.847919201791779,-1.562438471197092,-0.523630297304330,2.979866898235923,0.212290268620886,0.170837852801216,-3.638544862787726,11.501616377789119,3.565113237661382,1.452360495982725,-2.439787476376309,1
17.719994068145752,-17.699821164616335,14.250737058780249,1.544614651629111,-0.818418113792186,-1.559753653787112,-0.521751899883202,2.942618217464151,0.326654584145357,0.206242335305390,-3.838436846339350,11.456237432230575,3.542076622634744,1.428050028206845,-2.440820335985727,1
17.729998588562012,-17.707862430140040,14.235150728605641,1.539405685572405,-0.789173976000639,-1.555913259507879,-0.519511728623166,2.903244993596681,0.440974851640993,0.241542579847376,-4.031324174152390,11.394841057305074,3.513950852605766,1.403628341484444,-2.441200293705612,1
17.740020275115967,-17.715623094410699,14.219588192643876,1.534214114703240,-0.760295739348511,-1.550925209562801,-0.516916259475331,2.861926768232317,0.554749921866216,0.276582177994669,-4.216421684133270,11.317468186876543,3.480804632269508,1.379174140762641,-2.440920722067487,1
17.750022888183594,-17.723086450603589,14.204102682350397,1.529057404065705,-0.731879544210070,-1.544810782523581,-0.513975826563466,2.818855949050534,0.667515067920209,0.311217282267694,-4.393093913234941,11.224343743599411,3.442761266024804,1.354759789550742,-2.439982443619346,1
17.760110378265381,-17.730327791752817,14.188552730989732,1.523888247290631,-0.703666163689014,-1.537506644450810,-0.510661398695624,2.773669708786318,0.780218198254463,0.345737435859324,-4.562875026398130,11.114412835741957,3.399430915816683,1.330149994240580,-2.438369068785230,1
17.770056247711182,-17.737190577197413,14.173299839580226,1.518826447881901,-0.676305342098051,-1.529198107677937,-0.507055005369581,2.727485824675965,0.890167168665907,0.379318436774229,-4.721888036130541,10.990352776474220,3.351879291938614,1.305906601079653,-2.436122640580053,1
17.780054330825806,-17.743817114741152,14.158056381448395,1.513776144746589,-0.649272995470789,-1.519750631355861,-0.503095677793143,2.679509944023215,0.999366409802604,0.412573500874650,-4.873244171964506,10.850041423299521,3.299296785475514,1.281562904286358,-2.433208283166040,1
17.790150880813599,-17.750236947605650,14.142764575973541,1.508718087653408,-0.622469438374358,-1.509109793991176,-0.498762800309620,2.629570862186174,1.108135350488971,0.445597505446885,-5.017359083034137,10.692583108719706,3.241390294291441,1.257012978627775,-2.429597619814539,1
17.800032377243042,-17.756260023999385,14.127908841295085,1.503812074275647,-0.596733721062415,-1.497640998190225,-0.494202585564272,2.579332801195124,1.212964848803878,0.477326710532796,-5.149819520284351,10.523277252059069,3.180107980897734,1.233026214428259,-2.425414532060742,1
17.810120582580566,-17.762150175790140,14.112862431007287,1.498850821123598,-0.570974708034257,-1.484870742869805,-0.489226027600706,2.526730168100981,1.318199241880457,0.509076185847604,-5.276244078783003,10.335033333095149,3.112897799149818,1.208580149346870,-2.420480315009877,1
17.819996833801270,-17.767666497511883,14.098264467242041,1.494044772946525,-0.546281084559174,-1.471352027789935,-0.484047956920446,2.474049238263414,1.419292021623704,0.539474447101965,-5.391293533754352,10.135906489223057,3.042648870544886,1.184703132480987,-2.415001774917177,1
17.830023765563965,-17.773020810269497,14.083583667723326,1.489218656250278,-0.521745673055996,-1.456614204444853,-0.478486709770561,2.419439768067874,1.519853135946551,0.569608176273395,-5.499255867862539,9.918865983865398,2.966886411700715,1.160517552832886,-2.408782244277135,1
17.839940071105957,-17.778076542062031,14.069215765010304,1.484502320513539,-0.498025789824013,-1.441058896483707,-0.472693710554017,2.364414559049981,1.617087379700289,0.598639403755801,-5.597205360923563,9.689732395137488,2.887658455618126,1.136664519754164,-2.401980834018934,1
17.850074052810669,-17.783003204501078,14.054696466595015,1.479743176530981,-0.474353312715288,-1.424177593698533,-0.466480123794076,2.307222307822163,1.714036881344856,0.627475023115747,-5.688217825461797,9.440918133850298,2.802363989902581,1.112360355412973,-2.394361305161644,1
17.859939336776733,-17.787571366574522,14.040731794603280,1.475172306490212,-0.451870574693580,-1.406813250444034,-0.460155089313048,2.250707230844559,1.805919653411527,0.654693991147084,-5.767968233731922,9.184757216322701,2.715235667552913,1.088779133131566,-2.386294927407298,1
17.869992494583130,-17.792001440127017,14.026681350414208,1.470579726214904,-0.429536065518026,-1.388198042101072,-0.453437522689503,2.192348594826460,1.896887303096285,0.681528012416523,-5.840255391894294,8.909833966021715,2.622391734352048,1.064832841196417,-2.377415587858511,1
17.880085945129395,-17.796226171949524,14.012768108481087,1.466038245027424,-0.407706824160869,-1.368603382921576,-0.446426774267203,2.133073763018656,1.985365213140715,0.707509107144497,-5.903706113449829,8.620056442263333,2.525181898457947,1.040884882312598,-2.367831941622833,1
17.889958143234253,-17.800148046178489,13.999355423989304,1.461666014252590,-0.386937780556019,-1.348588664516797,-0.439320816826773,2.074522696145697,2.069009310610363,0.731952758591534,-5.956936197493761,8.323622096453427,2.426346768258898,1.017558682284604,-2.357809799337125,1
17.900091409683228,-17.803963603065402,13.985797155314717,1.457252152262836,-0.366222266741827,-1.327200355731271,-0.431780776067772,2.013919363374276,2.151760059538645,0.756010332173351,-6.002518642405799,8.006320917056097,2.321158811203132,0.993720739614043,-2.346855027752818,1
17.910035848617554,-17.807506800715220,13.972706898590225,1.452996193578173,-0.346492861622661,-1.305412247951432,-0.424149836828875,1.954043614507160,2.229776561826281,0.778564393510107,-6.038363113672565,7.682514169824846,2.214390926414726,0.970439320723670,-2.335447895677820,1
17.919963598251343,-17.810851229452020,13.959858827330267,1.448824263121442,-0.327392560204767,-1.282903545722252,-0.416313493190250,1.893957681398573,2.304389123070004,0.800004222377993,-6.065410978560051,7.347376126563731,2.104439849122102,0.947313902416911,-2.323411030163836,1
17.929989576339722,-17.814039562840925,13.947113202662930,1.444690772868799,-0.308708540331803,-1.259435761481470,-0.408188605002521,1.833044378497246,2.376309991406543,0.820533403410895,-6.083925194960175,6.997276514692291,1.990125686525053,0.924082571419572,-2.310595867505282,1
17.939972639083862,-17.817031225531039,13.934659146241987,1.440656822733946,-0.290711662205915,-1.235368994626810,-0.399899528295559,1.772249581060172,2.444380794564413,0.839820689394558,-6.093636680558879,6.637514698633534,1.873187080658529,0.901081079884994,-2.297177879269058,1
17.949995040893555,-17.819856671833364,13.922402513118675,1.436691637591035,-0.273256791323144,-1.210545040202523,-0.391391044977393,1.711168471641732,2.509045359737086,0.857992545360765,-6.094707816626933,6.265663977945559,1.752838179994317,0.878129729373652,-2.283048884904741,1
17.960000991821289,-17.822506406405804,13.910415643146882,1.432818362522991,-0.256438751624588,-1.185130485132130,-0.382719682026757,1.650211257423170,2.569843273003727,0.874919632047748,-6.087191447274368,5.884160928075008,1.629872031039815,0.855357357612618,-2.268281557990021,1
17.970011234283447,-17.824991643355851,13.898682475338809,1.429031526894491,-0.240225246006233,-1.159118668415022,-0.373882376023198,1.589352955669308,2.626791769235439,0.890607623725461,-6.071188750225915,5.492857343834944,1.504242147599182,0.832729072245029,-2.252850336566879,1
17.983219385147095,-17.828028267894378,13.883603848907732,1.424171479185991,-0.219761526784872,-1.123959783061508,-0.361992783181701,1.509371843766410,2.695857406960227,0.909361022012500,-6.037275535152572,4.962632399921451,1.334752676702155,0.803112957371061,-2.231479291506377,1
17.989991426467896,-17.829482203944270,13.876054416853126,1.421740968944463,-0.209678266375081,-1.105591645426610,-0.355804620449053,1.468562770265490,2.728526720428543,0.918101196447160,-6.014323515852090,4.685034863690805,1.246336522118030,0.788039726327822,-2.220076745517080,1
18.000052928924561,-17.831518614120728,13.865069134057103,1.418207634675009,-0.195205752570126,-1.077907802633203,-0.346506072820416,1.408247419846407,2.773564222964636,0.929973561552059,-5.973369021136859,4.265902392689011,1.113233089922443,0.765789365940086,-2.202577742439693,1
18.009988546371460,-17.833389656302831,13.854496532219191,1.414810800513763,-0.181507373159761,-1.050145731165816,-0.337213001526580,1.349129244998112,2.813863867198509,0.940373937119401,-5.925013559706263,3.844709031227396,0.979928187457738,0.743992906485866,-2.184643399309078,1
18.020042657852173,-17.835147324398680,13.844081346480527,1.411468190684003,-0.168241926668143,-1.021668454811432,-0.327711369569771,1.289838780750873,2.850347213367169,0.949540828319227,-5.868236009312644,3.411787026273855,0.843361349213607,0.722122769736088,-2.165835118909276,1
18.029959440231323,-17.836753234141749,13.834090611823584,1.408265245934846,-0.155738707067753,-0.993242180999961,-0.318255965028840,1.231955234120997,2.882038087578426,0.957230078679980,-5.804661664240395,2.978793708770296,0.707208102915136,0.700739849686096,-2.146632068242241,1
18.039994478225708,-17.838254851267362,13.824270134764808,1.405120213892063,-0.143668485466471,-0.964181725534026,-0.308617993553488,1.174066182698182,2.909706160645558,0.963629621629170,-5.732855927130695,2.535314110891798,0.568191297623330,0.679301104874945,-2.126543140312021,1
18.050031185150146,-17.839638826552335,13.814738551766530,1.402070903635901,-0.132170581828984,-0.934853472200068,-0.298918669485718,1.116910324938183,2.932909277137512,0.968630729730470,-5.653678073023883,2.086957777411778,0.428075918215955,0.658058216421940,-2.105782595936331,1
18.060046434402466,-17.840906896730875,13.805527502089534,1.399127182826096,-0.121271640825570,-0.905396591622390,-0.289203105669544,1.060739271961987,2.951546055410678,0.972213133422364,-5.567603191920597,1.635903069697370,0.287539699422162,0.637084700657968,-2.084418822045669,1
18.069991827011108,-17.842061943417164,13.796665229139565,1.396297800792443,-0.110991469500151,-0.875955396812468,-0.279517739243812,1.005796123198598,2.965579400626414,0.974376748770789,-5.475213608318985,1.184432634245376,0.147286539459131,0.616453246885379,-2.062530743822360,1
18.079991579055786,-17.843122427553812,13.788054544160390,1.393551492109605,-0.101206100695126,-0.846249421902533,-0.269769435640186,0.951538658966463,2.975144398911902,0.975143335062006,-5.375714836322622,0.728327342597419,0.006003009374578,0.595941656784935,-2.039877133257487,1
18.089996576309204,-17.844088262770249,13.779736829426710,1.390901250655473,-0.091953271531803,-0.816454292640129,-0.260015188749173,0.898279615264658,2.980141412177594,0.974495769405322,-5.269719218656702,0.270378408984080,-0.135445180145333,0.575648823916804,-2.016552485739497,1
18.100024461746216,-17.844965996475647,13.771700134825823,1.388343054983291,-0.083209331528053,-0.786566728038451,-0.250253168756700,0.845999174101403,2.980547956316312,0.972427553375647,-5.157266654612320,-0.189346537764277,-0.277037941066307,0.555548944261986,-1.992515739762941,1
18.109990596771240,-17.845754139799421,13.764008713358333,1.385897124520283,-0.075031805752517,-0.756877733548272,-0.240577445634844,0.795180443612399,2.976383608625303,0.968966710449514,-5.039564585388872,-0.646229073796500,-0.417357732598851,0.535812099845654,-1.967967866357912,1
18.119993448257446,-17.846465789870397,13.756585861504922,1.383538844345707,-0.067327103499183,-0.727142546738878,-0.230907316347870,0.745380333367319,2.967628618071099,0.964089807003945,-4.915742723051829,-1.103871701337773,-0.557515077248072,0.516250916274544,-1.942670972322735,1
18.130067825317383,-17.847107060936960,13.749410908739701,1.381261472943850,-0.060065304708409,-0.697310033183736,-0.221225608256782,0.696509632754310,2.954194092316889,0.957766322308252,-4.785574302317615,-1.562871696378176,-0.697689327450958,0.496811289573675,-1.916530624316124,1
18.140053510665894,-17.847672916991346,13.742594799120443,1.379100013429132,-0.053346563852978,-0.667895829027145,-0.211698733997415,0.649388120615158,2.936327263369885,0.950110726672444,-4.651409394638100,-2.015080883237765,-0.835396047094648,0.477805531482607,-1.889960634424385,1
18.150060892105103,-17.848175030241428,13.736057588570928,1.377028893880456,-0.047078497773075,-0.638619304839894,-0.202234730081612,0.603532770201123,2.913908968740084,0.941066273383658,-4.512113735116363,-2.464574392198175,-0.971883021448893,0.459027956116971,-1.862674521370598,1
18.160008430480957,-17.848614218994069,13.729848646773466,1.375063552093065,-0.041295737280735,-0.609762336171840,-0.192923738705565,0.559355816563396,2.887188978776243,0.930730952009428,-4.369151233752519,-2.906758648413769,-1.105760468810978,0.440636542148422,-1.834898368136581,1
18.169989824295044,-17.848999253699606,13.723905830072711,1.373184122837805,-0.035927920336755,-0.581096943923693,-0.183691253248055,0.516480095110735,2.855984858243776,0.919032367327223,-4.221509092523277,-3.344829449730028,-1.238000210517579,0.422463945157073,-1.806373793028581,1
18.179991006851196,-17.849333464981981,13.718236035367735,1.371392618848296,-0.030970778733494,-0.552706218298886,-0.174563288928041,0.475013232342239,2.820362130680413,0.905997193330006,-4.069668194736304,-3.777171437046961,-1.368113924721335,0.404542465843978,-1.777132235667447,1
18.189993858337402,-17.849620156695220,13.712848098002798,1.369691659279352,-0.026420521291955,-0.524691963391139,-0.165571740152604,0.435081286301409,2.780450679526403,0.891673220772935,-3.914260300024644,-4.201857054752999,-1.495522578217164,0.386915917011180,-1.747230850761227,1
18.199982404708862,-17.849862998635356,13.707745176980971,1.368082066270203,-0.022267335331328,-0.497135860214070,-0.156741904414789,0.396772083359700,2.736397995250533,0.876112125269176,-3.755861441599163,-4.617242711720143,-1.619735961558405,0.369615484958930,-1.716713720174297,1
18.209992170333862,-17.850066633166481,13.702905261881337,1.366556731895905,-0.018481212584854,-0.469983301521345,-0.148055409832639,0.359983301507509,2.688137564291396,0.859289775674814,-3.594270678750259,-5.023698644878944,-1.740866036426563,0.352587388879569,-1.685473036598058,1
18.219996690750122,-17.850234099258458,13.698337189115477,1.365118282924401,-0.015057057188823,-0.443349085770131,-0.139548125159981,0.324844402302793,2.635893360295353,0.841283707463635,-3.430285601381996,-5.419007120201528,-1.858252161113906,0.335884766926540,-1.653591354368032,1
18.229994058609009,-17.850368963759678,13.694035572468072,1.363764865506122,-0.011978065874432,-0.417273715462185,-0.131232074894051,0.291377884491936,2.579791082486370,0.822135756999168,-3.264302207520082,-5.802036764533664,-1.971559871385870,0.319514820650486,-1.621072153751548,1
18.240032672882080,-17.850475070813804,13.689975622775879,1.362488535760573,-0.009214630153189,-0.391674228851407,-0.123079977332795,0.259451985781897,2.519669675395685,0.801790589082960,-3.095911056679011,-6.173397600667194,-2.080967325663281,0.303407784729492,-1.587756892977901,1
18.250107049942017,-17.850555256525670,13.686156545939484,1.361288910593389,-0.006755043626646,-0.366609527091783,-0.115109836195765,0.229119575767455,2.455659793296295,0.780292869890516,-2.925596383606427,-6.531536952583561,-2.186010953435692,0.287583330152831,-1.553656954564386,1
18.259992361068726,-17.850611299575377,13.682651577586780,1.360188834224819,-0.004630431497206,-0.342660372029061,-0.107505186174166,0.201030294965669,2.389422629710972,0.758195488299039,-2.757599849073621,-6.867609356872247,-2.284105713381495,0.272393732889471,-1.519549353728181,1
18.270023822784424,-17.850648092785256,13.679333095819990,1.359148112745597,-0.002749603474013,-0.319040921713467,-0.100015554473996,0.174223591404827,2.318885723952401,0.734804475611842,-2.586628050467572,-7.191945674059976,-2.378267292232661,0.257326080079310,-1.484276678870563,1
18.279992580413818,-17.850667260712441,13.676268087723109,1.358187639124687,-0.001139231828479,-0.296297691513369,-0.092813505976538,0.149296831169279,2.245694283660713,0.710665200920071,-2.416770741413815,-7.496166401572282,-2.466052263621395,0.242714025029186,-1.448587283266921,1
18.290020942687988,-17.850671576125688,13.673407180808073,1.357291820460131,0.000239847540657,-0.274149576829941,-0.085809163475574,0.125906647375374,2.169031380439906,0.685506294119752,-2.246145253081679,-7.783174344975720,-2.548292009299559,0.228363871537239,-1.411991767571882,1
18.299998998641968,-17.850663280407012,13.670778437501863,1.356469330611092,0.001387117459257,-0.252899295040849,-0.079097433654409,0.104338239379318,2.090032984137482,0.659698721857505,-2.077306836412021,-8.048115515648863,-2.623586087070548,0.214459582121118,-1.374939254437173,1
18.310116529464722,-17.850644256044713,13.668325182762109,1.355702334181588,0.002339386413216,-0.232168587684269,-0.072558104623193,0.084180726220615,2.007335848837312,0.632796321135377,-1.907442181121752,-8.294569524497636,-2.692931912335784,0.200740835561536,-1.336697053269969,1
18.320038318634033,-17.850617206201591,13.666119149235849,1.355013149699556,0.003083419691965,-0.212664633134887,-0.066413353113128,0.066075022404555,1.923936879284212,0.605770749121845,-1.742666139533839,-8.513197320264354,-2.753693648257462,0.187667465365875,-1.298543119069759,1
18.330186128616333,-17.850582808601889,13.664058546568933,1.354369879277585,0.003667095400140,-0.193581868014087,-0.060408583455431,0.049235520199149,1.836512646423257,0.577542930697523,-1.576458317090383,-8.711831066393003,-2.808024892270771,0.174690327789478,-1.258847029297517,1
18.340152263641357,-17.850544071105475,13.662219085607674,1.353796068901091,0.004082153264877,-0.175714906595511,-0.054793078701336,0.034326593758449,1.748826931421338,0.549326100825910,-1.416034824002736,-8.880917767701149,-2.853281429405255,0.162341781068732,-1.219204741316017,1
18.350143909454346,-17.850501801113218,13.660549292764424,1.353275563878593,0.004357075028889,-0.158687826417821,-0.049447731104569,0.020968705379781,1.659362137916137,0.520626880104467,-1.258496377573941,-9.023193053174523,-2.890189613418856,0.150361769904782,-1.178805781281515,1
18.359998464584351,-17.850458039479559,13.659064588978479,1.352813085317990,0.004505077284757,-0.142775239801973,-0.044457888007473,0.009316996836158,1.569863933894326,0.492000899573242,-1.106842486955010,-9.135424677805361,-2.917890778351699,0.138943873185981,-1.138314666055077,1
18.369993448257446,-17.850412722758712,13.657714412691053,1.352392808875571,0.004545421927806,-0.127541961211531,-0.039686338375224,-0.000995143583103,1.478108343475887,0.462733787903165,-0.957339539419841,-9.219320762827586,-2.936743175672529,0.127774122923945,-1.096593672793189,1
18.379991769790649,-17.850367479296729,13.656511549402257,1.352018651312545,0.004490052954617,-0.113225176037786,-0.035206758417645,-0.009839424753248,1.385642182417086,0.433317393972786,-0.812673268281646,-9.271621396728975,-2.945864349913570,0.117021401765930,-1.054201928508546,1
18.390057086944580,-17.850322915997808,13.655440515222207,1.351685733199080,0.004352240532278,-0.099748373656763,-0.030994531025796,-0.017309082879722,1.292194966490591,0.403662997747626,-0.672529396957877,-9.290818018955704,-2.944772471801061,0.106628082886815,-1.010861587285182,1
18.400011301040649,-17.850280555440012,13.654510090924209,1.351396722015841,0.004148838688689,-0.087345773125302,-0.027122128326360,-0.023338370430786,1.199760401463421,0.374399206695313,-0.539913065507225,-9.275279749840358,-2.933116884195458,0.096781801551213,-0.967343882751416,1
18.410068511962891,-17.850240096055284,13.653690741608546,1.351142387355752,0.003888990724798,-0.075747894123209,-0.023504717135868,-0.028122077266004,1.106707696031548,0.345005850404522,-0.412543578150697,-9.223162748466756,-2.910210983083600,0.087276890166368,-0.922713618099534,1
18.420099973678589,-17.850202561322163,13.652984984134100,1.350923461739043,0.003588153990552,-0.065108231465175,-0.020189552824803,-0.031653342077711,1.014600647630830,0.315973707298093,-0.292712253649604,-9.133133561421459,-2.875762509263726,0.078246358124205,-0.877532321541061,1
18.430030345916748,-17.850168533472118,13.652386975337860,1.350738083786849,0.003261247722257,-0.055481245873862,-0.017192903003798,-0.034002730141320,0.924508563615063,0.287634576671975,-0.181784676252050,-9.005024176491268,-2.829798977355305,0.069756899679637,-0.832156131301280,1
18.440950155258179,-17.850134983105658,13.651834327962188,1.350566885590036,0.002881408976052,-0.045919592948204,-0.014219615605661,-0.035364420863184,0.827158196796230,0.257074589401828,-0.069352975546117,-8.817491397035532,-2.765089293312078,0.060946097408953,-0.781511778604284,1
18.450014829635620,-17.850110322273576,13.651450966769003,1.350448206913596,0.002559176961491,-0.038781215595461,-0.012002005265117,-0.035601210152537,0.748082031544143,0.232297634977165,0.015833448619674,-8.623202027058369,-2.699670537206599,0.054054614865883,-0.738872182395795,1
18.460036516189575,-17.850086456449198,13.651098443737705,1.350339142412312,0.002204651844673,-0.031713089012817,-0.009808192952459,-0.035008435551410,0.662913703608359,0.205657542077393,0.100803549703151,-8.366061005529559,-2.614539025252849,0.046888682987540,-0.691102665992601,1
18.469990730285645,-17.850066225552855,13.650814244242421,1.350251272561269,0.001862433216000,-0.025524004865342,-0.007888999993680,-0.033626970082136,0.581096046120937,0.180109704543632,0.175015090433181,-8.065017432631606,-2.516201844555749,0.040248168112607,-0.643000430972440,1
18.480005502700806,-17.850049227187213,13.650586422187683,1.350180878501596,0.001535541251003,-0.020103008382726,-0.006209517717253,-0.031545410827911,0.502037433299179,0.155464400033973,0.238786809592423,-7.714529968033773,-2.402914481911388,0.034053458155268,-0.593945119020233,1
18.490023851394653,-17.850035384897609,13.650408947967371,1.350126075921994,0.001232428228308,-0.015454286870171,-0.004770589616828,-0.028881879281108,0.426716133184303,0.132021862477309,0.290980585376012,-7.314460462138101,-2.274704484138621,0.028351927852242,-0.544216556765770,1
18.500012636184692,-17.850024465150568,13.650274669458227,1.350084637732419,0.000959164064577,-0.011549547532006,-0.003563015723513,-0.025765996200187,0.355857569059095,0.110002417227754,0.330806169068488,-6.864525423652069,-2.131535685837505,0.023166246406220,-0.493974765021870,1
18.509990215301514,-17.850016121674020,13.650176031808581,1.350054217060266,0.000719054688419,-0.008332599939084,-0.002569010342191,-0.022320150793432,0.289827934167157,0.089514191256321,0.357729484803642,-6.362479443497762,-1.972743506677386,0.018490769970675,-0.443135001917991,1
18.519999027252197,-17.850009982619621,13.650106112844506,1.350032666654803,0.000513869909853,-0.005741526340619,-0.001769077858322,-0.018661225163195,0.228898618227829,0.070635840179578,0.371135030255147,-5.804255529000159,-1.797097401991138,0.014313764712246,-0.391480331115127,1
18.532979965209961,-17.850004748461537,13.650048819662684,1.350015019779621,0.000302945828742,-0.003237052649040,-0.000996617185533,-0.013842625944201,0.158691843333123,0.048917628994774,0.367074843688002,-4.995665772423322,-1.543988908845812,0.009671699110416,-0.323494931854165,1
18.540007829666138,-17.850002940267466,13.650029707917598,1.350009136858752,0.000214642489400,-0.002241336425845,-0.000689767624595,-0.011303567523665,0.125250556788320,0.038586844699133,0.354268570010476,-4.516854569993768,-1.394699161405427,0.007529121335541,-0.286230205556651,1
18.550099134445190,-17.850001290219833,13.650012724004322,1.350003911494685,0.000118134875115,-0.001195050275871,-0.000367554238820,-0.007876305749321,0.083347671521896,0.025656472653931,0.322214984762731,-3.777134605249643,-1.164764445328569,0.004912882122203,-0.232147148502332,1
18.559993982315063,-17.850000456570879,13.650004400501649,1.350001352136960,0.000055262193593,-0.000542658824245,-0.000166805003695,-0.004910543545886,0.049814407057070,0.015321962853924,0.274490873341861,-2.990512040093463,-0.921042300496389,0.002880860107829,-0.178468702047580,1
18.572950601577759,-17.850000060413990,13.650000565690064,1.350000173714687,0.000012421549722,-0.000117544867305,-0.000036104223192,-0.001892814518328,0.018238079909725,0.005603966729166,0.186391242908051,-1.865594043229933,-0.573673239974660,0.001029027913071,-0.107208832158971,1
18.579998016357422,-17.850000009848777,13.650000090827724,1.350000027882752,0.000003227514130,-0.000029958637786,-0.000009198132893,-0.000787526756080,0.007390786984260,0.002269705992710,0.125740429468571,-1.207120275124296,-0.370881110753562,0.000411493007487,-0.067982228682793,1
18.590004444122314,-17.850000000008816,13.650000000079533,1.350000000024404,0.000000016983929,-0.000000153538163,-0.000000047113459,-0.000024535023256,0.000222198776740,0.000068184776470,0.023558695905486,-0.214125557440809,-0.065712587182432,0.000012141616779,-0.011723099310907,1
18.600028991699219,-17.850000000000009,13.650000000000002,1.350000000000000,0.000000000000000,-0.000000000000001,-0.000000000000001,0.000000000000002,-0.000000000000004,-0.000000000000001,0.000000000000014,-0.000000000000014,-0.000000000000007,0.000000000000000,0.000000000000000,1
22.390007495880127,-17.850000016822740,13.650001120339335,1.349999952264604,-0.000002720388788,0.000200881288246,-0.000008559144079,-0.000296870525182,0.026863835247397,-0.001144611702071,-0.013966868161529,2.361231698168142,-0.100606421519843,0.000504952837781,0.045203378769413,1
22.400092601776123,-17.850000061160902,13.650004958672318,1.349999788721391,-0.000006177113409,0.000608359902093,-0.000025920865422,-0.000357660723039,0.055519051301457,-0.002365526053448,0.004369955325320,3.307146111713763,-0.140905740555156,0.001060890360329,0.064933316627999,1
22.410002231597900,-17.850000138093883,13.650014285182952,1.349999391341341,-0.000009038606454,0.001335183948618,-0.000056888711034,-0.000167019880376,0.092580591847586,-0.003944552437151,0.036348729298883,4.160411875273553,-0.177252451283392,0.001798179011324,0.083780663739677,1
22.420033454895020,-17.850000229291460,13.650033070152023,1.349998590968588,-0.000008173706602,0.002486718752177,-0.000105951122525,0.000415874717472,0.138334877171725,-0.005893831098555,0.082039830533916,4.949952386695172,-0.210876752879483,0.002732010888045,0.102318145113890,1
22.430002689361572,-17.850000274322667,13.650065581815412,1.349997205764415,0.000000958028703,0.004123847524889,-0.000175700592924,0.001512424185181,0.191294142554756,-0.008149894477732,0.139970236883219,5.663179796582140,-0.241240685054939,0.003841609127657,0.120202137621119,1
22.440084934234619,-17.850000161016617,13.650117879701790,1.349994977589718,0.000024467047139,0.006351746828554,-0.000270615782105,0.003269454151242,0.251735095662445,-0.010724423515819,0.210499493123500,6.314608631695076,-0.268960343818318,0.005142435910334,0.137743250983808,1
22.450001955032349,-17.849999720316980,13.650194290686239,1.349991722154174,0.000068509727050,0.009168101022889,-0.000390594789407,0.005746451688957,0.317252880562457,-0.013514859898001,0.290849180435548,6.889125399228113,-0.293391151688739,0.006591622781801,0.154458807535476,1
22.460051059722900,-17.849998688554290,13.650303646778420,1.349987063268562,0.000142457854458,0.012713594574253,-0.000541626431564,0.009122655322561,0.389147663257214,-0.016576434406980,0.382680332104455,7.406905321373822,-0.315389654518362,0.008226887202265,0.170858604082961,1
22.470013618469238,-17.849996749608579,13.650450850594309,1.349980792203018,0.000253954120552,0.016965574850920,-0.000722739943219,0.013428597677351,0.465234750005196,-0.019815947069564,0.483324638073505,7.858382673740026,-0.334547982821392,0.010007724870484,0.186575169792712,1
22.480031967163086,-17.849993445808607,13.650645509538041,1.349972499860971,0.000414557253737,0.022027924229489,-0.000938352963838,0.018815678200336,0.545991174647438,-0.023253525965185,0.593508439703325,8.252776359625882,-0.351256329997450,0.011953910573177,0.201840147006797,1
22.490132331848145,-17.849988191610727,13.650897295839005,1.349961774483179,0.000636885811960,0.027969912870618,-0.001191406373929,0.025407298119651,0.631113530464147,-0.026876033226012,0.713004129914434,8.592184250862950,-0.365601979557963,0.014068081517904,0.216680758589320,1
22.500046730041504,-17.849980508213779,13.651207009439512,1.349948582329523,0.000925826385972,0.034653747767410,-0.001476021560639,0.033088851152822,0.717720243802424,-0.030560630597480,0.837838102070710,8.870724539202605,-0.377336303043191,0.016286220811519,0.230710387759497,1
22.510031938552856,-17.849969469651953,13.651590296273991,1.349932257396894,0.001300170138278,0.042266563961356,-0.001800155007863,0.042111568011979,0.807477971178380,-0.034378001068816,0.970481289558745,9.098823757041929,-0.386899089980267,0.018658227237677,0.244303811956537,1
22.520108222961426,-17.849954058718968,13.652058762394676,1.349912305949485,0.001776137809061,0.050868522216092,-0.002166352229445,0.052592370457992,0.900108984867456,-0.038316037573007,1.110727228115771,9.277874963498927,-0.394347566738928,0.021186842986527,0.257475425561040,1
22.530159473419189,-17.849933356159966,13.652617084497974,1.349888529532820,0.002363278025908,0.060386551043513,-0.002571484478653,0.064483683632450,0.994052445377555,-0.042308083854016,1.256370788748056,9.407486654242961,-0.399665700740562,0.023838465765891,0.270066543767927,1
22.540117025375366,-17.849906416928924,13.653269152777716,1.349860763307090,0.003070038274317,0.070751777160733,-0.003012601451835,0.077732355356800,1.088165859965561,-0.046305322631221,1.405702827603160,9.489771461539320,-0.402944195668139,0.026587267416368,0.282000920599651,1
22.550001144409180,-17.849872040121475,13.654023214350179,1.349828657054197,0.003909554460487,0.081972535278730,-0.003490037662228,0.092378581166961,1.182194912407743,-0.050296691527437,1.558352134814194,9.528108290551090,-0.404326074716346,0.029431174230170,0.293319132229854,1
22.559994220733643,-17.849828094562902,13.654902962706581,1.349791203191977,0.004913102305269,0.094261859953815,-0.004012832218876,0.108738316362434,1.277426371421827,-0.054336466888251,1.716541208746182,9.524984285254931,-0.403911594017798,0.032417200058308,0.304224091475000,1
22.569998979568481,-17.849773204836200,13.655911550583223,1.349748269039473,0.006089625004742,0.107518499643430,-0.004576614870571,0.126743898771359,1.372675938108904,-0.058344134963485,1.893576144096599,9.564900093368690,-0.387326201177642,0.035510477430813,0.312928816618758,1
22.579993963241577,-17.849705681020211,13.657056418189203,1.349699546525433,0.007454518321972,0.121719675079014,-0.005178388279593,0.146700080917979,1.469108420684036,-0.061991147079262,2.098472438001751,9.720638274996354,-0.342868751493646,0.038663183084459,0.317843897632375,1
22.591172456741333,-17.849612683414161,13.658511120219238,1.349637709720766,0.009230178102699,0.138752021382644,-0.005891792277306,0.171405622385229,1.578432735384340,-0.065560886316237,2.320446355447911,9.827607604772833,-0.296367080221285,0.042245128944708,0.322951378699587,1
22.600033283233643,-17.849523901230384,13.659803573953946,1.349582901132257,0.010842176639841,0.153123470383808,-0.006483843298020,0.192723833047246,1.665700442871218,-0.068032279728996,2.490918752506920,9.864543258574866,-0.261839578075217,0.045123344784764,0.326707544046547,1
22.612807273864746,-17.849368783656406,13.661899024813874,1.349494433890392,0.013513937339246,0.175207304364236,-0.007373014157863,0.226070283744942,1.791694521582372,-0.071077194688453,2.728068158307686,9.847573876557256,-0.215544100695067,0.049329197462704,0.331668654251410,1
22.620070695877075,-17.849264475577524,13.663219655033387,1.349438986641852,0.015229272659877,0.188481897279902,-0.007894796838729,0.246362427988276,1.863081205605191,-0.072552998334057,2.858309482326602,9.802874565351789,-0.190991713253059,0.051747965797822,0.334250273611636,1
22.629966497421265,-17.849101251034732,13.665177488795992,1.349357285471364,0.017809814638815,0.207395713888043,-0.008621542766169,0.275501672059692,1.959625138140357,-0.074285398510590,3.030278347455626,9.703394728623005,-0.159538959915208,0.055071683632196,0.337487622787850,1
22.639991283416748,-17.848908359254789,13.667356620092784,1.349267100434434,0.020725332826191,0.227523303332576,-0.009373687243003,0.306112307033152,2.055268046931683,-0.075714008667638,3.014740476561657,9.277077207975950,-0.123472621915705,0.058443251288624,0.332380062899943,1
22.650027513504028,-17.848684451646903,13.669744966572617,1.349169198897737,0.023947512213989,0.248606433301299,-0.010139064168041,0.335891636734722,2.145471515567871,-0.076752366705853,2.924238551944399,8.700637785830468,-0.083245247014288,0.061731696843261,0.322970189577766,1
22.659998655319214,-17.848428535454318,13.672331474668551,1.349064291486985,0.027440309358292,0.270418612381393,-0.010907704321488,0.364697613315384,2.229379580277725,-0.077377972626034,2.858488311047633,8.133255863002896,-0.042073101094879,0.064904661980533,0.313554795392537,1
22.670066833496094,-17.848133218544195,13.675169150015693,1.348950515719582,0.031257138845390,0.293272522998284,-0.011688360936894,0.393246643037999,2.308423384808977,-0.077587809331202,2.815034576067960,7.565688849736167,0.000559686122828,0.068014159132525,0.303975681209793,1
22.679997205734253,-17.847802992570156,13.678196335969046,1.348830628161251,0.035300382211611,0.316558797999948,-0.012458070469922,0.421075224570049,2.380794870045104,-0.077369931535629,2.793363343795080,7.011759916665190,0.043450677262092,0.070985432098852,0.294463206763174,1
22.696977615356445,-17.847140564108141,13.683920652605359,1.348607971597586,0.042853177161233,0.357953246706894,-0.013762057003518,0.468498736660740,2.491911346842834,-0.075998931606453,2.801088664157346,6.078259879484024,0.118286809988982,0.075846593980220,0.278041374381984,1
22.699995279312134,-17.847009101639820,13.685012208906807,1.348566096856968,0.044279712515960,0.365500423842813,-0.013990837269181,0.476961456069146,2.510005891602911,-0.075621703066080,2.807963968234108,5.914255610364661,0.131732689254065,0.076681196984445,0.275102691788441,1
22.710001468658447,-17.846541699513327,13.688795905908254,1.348422343917071,0.049195798749890,0.390900363027597,-0.014741393867976,0.506017607410110,2.566032606122992,-0.074456724077459,3.000327955221958,5.285951120314921,0.100701846431373,0.079333814165119,0.255061460854130,1
22.720082521438599,-17.846019780574984,13.692865870391850,1.348270041438225,0.054450110659267,0.417014219099060,-0.015487051918688,0.537205893886477,2.616155501360259,-0.073597219738026,3.189009537740244,4.664809850167140,0.070117244197098,0.081802560297298,0.234981962132926,1
22.729996442794800,-17.845452769836179,13.697131422745457,1.348112823994958,0.059938187187452,0.443182007362923,-0.016214051269846,0.569730238279346,2.659441451682059,-0.073045771515549,3.368264132123590,4.065575611900127,0.041288675272867,0.084035979908121,0.215405775133478,1
22.739999771118164,-17.844824160776316,13.701698095743245,1.347946992627704,0.065808411879340,0.469976832162286,-0.016943103340855,0.604298376972064,2.697136536647569,-0.072772913428402,3.542446753522962,3.473528716890125,0.013478384232407,0.086092653159822,0.195853167414023,1
22.750051021575928,-17.844131571789937,13.706558756321048,1.347773018350831,0.072064170786010,0.497252027882790,-0.017674335916916,0.640755785868227,2.729112059935835,-0.072772611364804,3.710720784522537,2.891049932692547,-0.013209935455025,0.087963283736434,0.176397369325394,1
22.759997129440308,-17.843382411503235,13.711640543523037,1.347593602834490,0.078624209361266,0.524533003012398,-0.018399300878201,0.678467756138421,2.755054192650427,-0.073030306874532,3.870507227946443,2.326908200126099,-0.038401468065289,0.089622981434345,0.157332159321676,1
22.770084619522095,-17.842554081668535,13.717072444296386,1.347404272191220,0.085668019349175,0.552434036282219,-0.019138382779491,0.718314211960539,2.775643376507809,-0.073541669707456,4.033665998163258,1.737034551376979,-0.062842014320463,0.091112748101967,0.137804721721874,1
22.779993534088135,-17.841669301375493,13.722682849414660,1.347211014816253,0.092986352527457,0.580012023311682,-0.019870537073923,0.759118021873971,2.789765195323121,-0.074274731146291,4.200573626612806,1.117182562229646,-0.084615777462800,0.092380230184595,0.118062660342459,1
22.789996385574341,-17.840700463705058,13.728624497249093,1.347008517071356,0.100792715526856,0.607964041471530,-0.020618076098791,0.801935723111873,2.797906686147413,-0.075218531308582,4.358575922686391,0.514418279519876,-0.103596298638244,0.093462416834386,0.098343077775602,1
22.800640583038330,-17.839581345048096,13.735254054409475,1.346784781597090,0.109578198225638,0.637761556001279,-0.021424886239613,0.849171514454695,2.800078176889628,-0.076414750831169,4.515280917766024,-0.102181406317897,-0.120653677951527,0.094398511241957,0.077592935899218,1
22.810049295425415,-17.838512166042985,13.741378315425569,1.346579806813013,0.117769385519285,0.664093690274845,-0.022149365921170,0.892266647439044,2.796635383518806,-0.077610666080204,4.644137910842568,-0.626460605060169,-0.133179244719718,0.095043048811283,0.059450399325503,1
22.819993734359741,-17.837296069627538,13.748120841930371,1.346355673030915,0.126874683796753,0.691866134194881,-0.022927971081330,0.939089387115407,2.787735100227086,-0.078990754698938,4.770627372535859,-1.159954734200462,-0.143957138356346,0.095539759905602,0.040476925094352,1
22.830817461013794,-17.835866920007931,13.755771744219613,1.346102871680500,0.137320158157375,0.721958231475526,-0.023791490556819,0.991415651917234,2.772145041799201,-0.080600039164245,4.897105459076966,-1.716975536592511,-0.152974567392807,0.095867159117369,0.020066264417406,1
22.839993715286255,-17.834564601637833,13.762512381054625,1.345881165329938,0.146623762723411,0.747315254501390,-0.024537348390911,1.036589172781239,2.754504652330373,-0.081941465041014,4.930135717331435,-2.108159522764465,-0.131638153399431,0.095971497801060,0.002606970559361,1
22.850026369094849,-17.833040315160080,13.770149484208906,1.345630803678910,0.157273550416579,0.774842105876185,-0.025365633100995,1.086094786760757,2.731379167337746,-0.083093176358363,4.937312003276445,-2.499901591066360,-0.098351195094532,0.095901970373519,-0.016427439850981,1
22.859992265701294,-17.831418233559393,13.778006500143416,1.345373877343683,0.168342503289876,0.801931609807320,-0.026198079549219,1.135337972528350,2.704557754343817,-0.083919128551625,4.945390479122921,-2.881629451269213,-0.067818865672349,0.095644988095695,-0.035109187470792,1
22.870025396347046,-17.829671168929018,13.786188404409968,1.345106781693914,0.179983117730493,0.828916675762608,-0.027043019912571,1.185001475251287,2.673748201495519,-0.084455583355399,4.954107570720548,-3.258351007283990,-0.039510164776084,0.095199290091700,-0.053694394297175,1
22.879989147186279,-17.827818177801351,13.794579895160547,1.344833127490533,0.192036530938817,0.855390033650857,-0.027886059430724,1.234408339212856,2.639450420357440,-0.084718831314808,4.962984778323924,-3.624688310829058,-0.013703733297518,0.094573254522003,-0.071928300421880,1
22.889991998672485,-17.825834973767652,13.803266401546011,1.344549988855354,0.204630735787167,0.881600971715012,-0.028733649406203,1.284089410985846,2.601392772628154,-0.084735577110652,4.971768282309130,-3.984408335370317,0.009995857078814,0.093763272492614,-0.090007882612916,1
22.899995565414429,-17.823722544936484,13.812216336674384,1.344258270353355,0.217727025171812,0.907422578563412,-0.029580559329621,1.333874097135337,2.559762782243397,-0.084525783811686,4.980090875673768,-4.336046397875430,0.031599716939413,0.092773199550432,-0.107870568893347,1
22.909991025924683,-17.821478743797023,13.821413800243702,1.343958375423653,0.231309691251293,0.932786289598000,-0.030423544062693,1.383930181227193,2.514525728196917,-0.084111146921397,5.038196798255826,-4.715695911918030,0.051175661335559,0.091602411683047,-0.126413556170195,1
22.919993638992310,-17.819095084020450,13.830868633787087,1.343649876960255,0.245404929484571,0.957694824242487,-0.031261960744057,1.434609116318996,2.465502300078469,-0.083505299650699,5.094424405940884,-5.084572106325085,0.069817745468008,0.090245855476150,-0.144799836272495,1
22.929990530014038,-17.816569509337103,13.840564004885195,1.343333224857519,0.260000566980193,0.982079842835361,-0.032092887353933,1.485788336526090,2.412892492218325,-0.082718013437221,5.144562030167809,-5.439372190188591,0.087556211879854,0.088707604588965,-0.162935526005539,1
22.939943552017212,-17.813906949756017,13.850458471994701,1.343009682365641,0.275046049087004,1.005823141419962,-0.032911661453791,1.537221561528032,2.357045790391407,-0.081762159570787,5.188372314068062,-5.779095367835964,0.104350493794129,0.086996808958755,-0.180757890833993,1
22.949997186660767,-17.811063169090719,13.860688777359210,1.342674686833047,0.290763588080008,1.029222347811456,-0.033728119894065,1.589579691866999,2.297277110157265,-0.080631420019463,5.226327720516277,-6.108603733536955,0.120447409972140,0.085090057856758,-0.198517567993864,1
22.960101366043091,-17.808043271221401,13.871204179275738,1.342329805461627,0.307091951202716,1.052116626854488,-0.034536402519124,1.642551762706116,2.233940488986037,-0.079336321810134,5.258013762727645,-6.426149326837160,0.135765437919731,0.082995103250921,-0.216122402711768,1
22.970012664794922,-17.804918214261789,13.881740178695011,1.341983647579511,0.323629433359206,1.073936346655069,-0.035315762804843,1.694593482333679,2.168828782284400,-0.077897854956197,5.164647531764960,-6.685048164927155,0.163036256349404,0.080769089899807,-0.232836387953730,1
22.979999542236328,-17.801600734011735,13.892572750353793,1.341627089288179,0.340805788446451,1.095260346890689,-0.036084763561942,1.744589639021447,2.101177656524119,-0.076018829634233,4.852419671182224,-6.862583079882016,0.212233761478627,0.078363726128147,-0.248820475609551,1
22.989997386932373,-17.798105337266492,13.903627122449665,1.341262548565851,0.358486023701266,1.115922143055474,-0.036833453085646,1.791662444138551,2.031678612012739,-0.073675654029201,4.568584303348294,-7.039753698546573,0.255525393080172,0.075796919476844,-0.264602687510135,1
23.006035327911377,-17.792122376464654,13.921780890499340,1.340662517839689,0.387790753959180,1.147589056673666,-0.037979585450962,1.861640307328985,1.916509390407210,-0.069095335043234,4.168757276716664,-7.321492562254295,0.313349423573780,0.071353079857349,-0.289460769286956,1
23.011165142059326,-17.790108778544592,13.927692032536982,1.340466815059083,0.397393617702850,1.157322325620979,-0.038329790425225,1.882726125976496,1.878727800603941,-0.067447424464676,4.054316264604322,-7.410672190642804,0.329003062736232,0.069848300478742,-0.297291295150737,1
23.020028829574585,-17.786511883710915,13.938023392347471,1.340124451908796,0.414238773919689,1.173682098068455,-0.038914387901938,1.917836964387384,1.812361748879637,-0.064421983009090,3.870813120402901,-7.563437624305212,0.353007853927549,0.067153633410365,-0.310687521980594,1
23.030026674270630,-17.782275865758457,13.949841598786154,1.339732411104466,0.433594413616862,1.191413094952682,-0.039540154151650,1.955570137149904,1.735927069488055,-0.060777249794762,3.684350783838226,-7.733265619617807,0.375672759838424,0.063974221601976,-0.325583671182692,1
23.040129423141479,-17.777792681946341,13.961971454100000,1.339329708686311,0.453542377809276,1.208563949541385,-0.040135544364277,1.990301298856413,1.657988860194880,-0.057144219262509,3.036429550179577,-7.586135315464569,0.318006251090917,0.060610159663935,-0.339816352056891,1
23.049992084503174,-17.773222631798159,13.973969670778194,1.338931162590143,0.473305354530307,1.224550261099297,-0.040685039617232,2.016357916318851,1.584433864046703,-0.054431012211904,2.265398713137429,-7.340827239269099,0.234190342912619,0.057192736940040,-0.353203106430507,1
23.060058832168579,-17.768355227676057,13.986376544113986,1.338518855436295,0.493707324290780,1.240132587941313,-0.041222437112224,2.035644544171322,1.511541228420483,-0.052454668793996,1.583211547353285,-7.149959638991557,0.160343331875927,0.053569029093627,-0.366664626676661,1
23.070025444030762,-17.763333175916038,13.998810663114019,1.338105415965244,0.514064965207138,1.254845204415258,-0.041738354686557,2.048465149509076,1.440992349497833,-0.051175418700199,1.004948899723355,-7.015360385114103,0.098093504304222,0.049848965544402,-0.379789018388026,1
23.080168008804321,-17.758013722240246,14.011610914930550,1.337679464371125,0.534884449968862,1.269101411328882,-0.042253311669786,2.056064591172775,1.370317522819450,-0.050457975887085,0.508438512359631,-6.929037959379835,0.045044168861873,0.045930074315360,-0.392937526030043,1
23.090010881423950,-17.752649525482390,14.024167187495983,1.337261151926938,0.555138908831607,1.282253805921899,-0.042748475182171,2.059037494628631,1.302347273774380,-0.050229862483044,0.108573198932783,-6.889604399320432,0.002758768529254,0.042000658441262,-0.405497016989264,1
23.100061178207397,-17.746966221188220,14.037118827647332,1.336828979142072,0.575832433766103,1.294994986560735,-0.043253777947171,2.058399989008835,1.233135480207686,-0.050382792759378,-0.222774593529554,-6.888874183780772,-0.031107831314417,0.037861696001137,-0.418093140955676,1
23.112953424453735,-17.739371342046791,14.053914594368056,1.336267155989449,0.602345082537773,1.310333180161546,-0.043898558899721,2.053975034403170,1.147213563958770,-0.049083503181198,-0.459794933012763,-6.447498944620946,0.228602406872383,0.032441633447364,-0.422713963544352,1
23.120040655136108,-17.735050681126364,14.063229974644665,1.335954809085379,0.616889995317621,1.318303987790850,-0.044239570566005,2.050285006335414,1.102318810396364,-0.046989403250533,-0.580358509536073,-6.223421737227039,0.361138826665882,0.029436679448944,-0.425247773900785,1
23.129994392395020,-17.728809006250518,14.076405305919058,1.335512209583811,0.637266092561242,1.328972577017866,-0.044686456172528,2.043711014510678,1.041853867666565,-0.042516199820258,-0.738423372112774,-5.930177212053127,0.535400966148982,0.025186297639462,-0.428798511008741,1
23.139999389648438,-17.722331159349281,14.089752520142449,1.335063100804345,0.657673482728477,1.339103892802415,-0.045082273287307,2.035582097462707,0.983896233536089,-0.036340124629492,-0.884484115441165,-5.659840227490464,0.696997892517183,0.020878456083695,-0.432358475346563,1
23.151798486709595,-17.714429926266597,14.105619374264020,1.334528854991765,0.681625736165846,1.350325665643547,-0.045458395050012,2.024207101796985,0.918850610733952,-0.027073913389574,-1.040861124783333,-5.371249515266576,0.870711595603298,0.015752408092766,-0.436545157865716,1
23.159999370574951,-17.708771689335673,14.116724294577107,1.334155206417921,0.698190852109126,1.357682932327734,-0.045649894295957,2.015259497502354,0.875555802828308,-0.019474624902628,-1.139814609291666,-5.189189170073014,0.981072125946382,0.012160236524088,-0.439447870087767,1
23.169993877410889,-17.701693329330002,14.130336215052431,1.333698164954219,0.718273200166991,1.366177647870998,-0.045793508414309,2.003411661181429,0.824612745495444,-0.009118942995975,-1.185063429235654,-5.055093598941197,1.056956728889160,0.007747692269126,-0.444821914945994,1
23.180005311965942,-17.694402178540688,14.144054091821223,1.333239424759742,0.738272451161251,1.374179497642916,-0.045832335752952,1.992030493169774,0.773888243715890,0.001311860644138,-1.088945100751953,-5.079716970076845,1.026702057855754,0.003248026723813,-0.454059593120602,1
23.190002679824829,-17.686922387091890,14.157829437750102,1.332781479125839,0.758133719813707,1.381661627282605,-0.045768429873638,1.981614705033641,0.722947665799529,0.011421817864418,-0.995245987551478,-5.112956262083571,0.995810189220540,-0.001336672320227,-0.463141705032168,1
23.200006246566772,-17.679239356608679,14.171686300530020,1.332324367919535,0.777908671510844,1.388637195825196,-0.045604868336932,1.972117902231203,0.671599745432023,0.021226256678681,-0.903834997829343,-5.154255657420551,0.964280894511303,-0.006014605756523,-0.472087696044038,1
23.209996223449707,-17.671369234636593,14.185592406171468,1.331869961998332,0.797567875393282,1.395088928919912,-0.045345209863487,1.963533982127741,0.619867972794731,0.030700465784116,-0.814956090436695,-5.202925003411233,0.932239358397708,-0.010775128376950,-0.480880214810065,1
23.219994783401489,-17.663296688128245,14.199571401927477,1.331418263736116,0.817161102746014,1.401025746552086,-0.044992191422975,1.955819968603078,0.567573986284594,0.039859133438298,-0.728487629796907,-5.258470219020879,0.899681104581489,-0.015626637233007,-0.489537622848159,1
23.230031490325928,-17.654996890065597,14.213660450198534,1.330968858746631,0.836755362837099,1.406456323864872,-0.044547387983013,1.948933422358998,0.514491151223187,0.048722911601634,-0.644249200964744,-5.320524310005744,0.866565597329233,-0.020582878423961,-0.498084954620946,1
23.240097999572754,-17.646474838981213,14.227844052454943,1.330523026106290,0.856343705626846,1.411364449532136,-0.044013586305237,1.943026499461333,0.460199110743637,0.057256283287695,-0.457971462198792,-5.638873775976746,0.819401774855768,-0.025640408705455,-0.507079887747289,1
23.249995946884155,-17.637903882310425,14.241834923646648,1.330090326381719,0.875559229699716,1.415629635054792,-0.043407963640781,1.940432446879824,0.400319204453920,0.064998202407674,-0.072213454135111,-6.448077798521451,0.745535335291204,-0.030708540538171,-0.516993153207048,1
23.260123729705811,-17.628936888108388,14.256191494030213,1.329654159361373,0.895214082945488,1.419340128838054,-0.042712689384296,1.941545536740892,0.331149956787042,0.072180282560066,0.286008715864174,-7.198447639431928,0.673314228348583,-0.035995143757582,-0.526956873543008,1
23.270046472549438,-17.619958047979583,14.270290682899040,1.329233982637863,0.914499418457602,1.422260562323011,-0.041964418377727,1.945982646329820,0.256374514414995,0.078523724537584,0.602792668850597,-7.861029799326635,0.605737000884502,-0.041271830677022,-0.536542546264487,1
23.279996633529663,-17.610762188788907,14.284453779759922,1.328820413828879,0.933896936673131,1.424412279861855,-0.041154189150104,1.953425899925620,0.175136747593725,0.084226476331215,0.888034035600076,-8.456721745245581,0.541026357516780,-0.046657608184086,-0.545978995878974,1
23.290004014968872,-17.601318350985032,14.298715750890670,1.328412873443935,0.953494477447188,1.425732311364284,-0.040285260341024,1.963617658695122,0.087785711462927,0.089327509528197,1.143729301360176,-8.989850438179813,0.478915385371867,-0.052168178249327,-0.555292474171798,1
23.300031900405884,-17.591657654250234,14.313016053541027,1.328013457361427,0.973247303600241,1.426152457413424,-0.039366399127422,1.976246538964306,-0.004779624581644,0.093830137000836,1.370109845002295,-9.461058161627019,0.419556178544412,-0.057782770259031,-0.564446957877831,1
23.309997797012329,-17.581860255675888,14.327226831845692,1.327625864787976,0.993005047085348,1.425646385646821,-0.038414104901640,1.988436210832282,-0.095660971606646,0.096928250215068,1.080135194742790,-8.787103926596634,0.205018515231343,-0.063440066073644,-0.570887173733499,1
23.319997787475586,-17.571830624364907,14.341477060873755,1.327246596234042,1.012938886822579,1.424260896524677,-0.037437935059785,1.997896012227930,-0.180416643087077,0.097977134350225,0.816393768257839,-8.174761865358651,0.007742634030521,-0.069180726149328,-0.577226028962260,1
23.329993724822998,-17.561605657626831,14.355703193843869,1.326877266147188,1.032945983950730,1.422058524195467,-0.036461262042009,2.004850410273544,-0.259331966832408,0.097142162456430,0.579397587861406,-7.625236635799012,-0.171962660911264,-0.074981673625320,-0.583442796410025,1
23.340033769607544,-17.551133447195745,14.369966728090981,1.326516044948344,1.053100775625798,1.419078935122776,-0.035497414524206,2.009579127200833,-0.333371072424804,0.094579980063469,0.366656730341917,-7.132849466843008,-0.335680073264213,-0.080870450407875,-0.589567151327038,1
23.349994897842407,-17.540543879467130,14.384084322151827,1.326167089674835,1.073132967588948,1.415411783706886,-0.034574454399252,2.012278919143437,-0.402220616213375,0.090493501037677,0.179226262090026,-6.700114772410244,-0.482258750241602,-0.086772830438305,-0.595524093628621,1
23.360059261322021,-17.529641021480380,14.398308721490352,1.325823599068617,1.093392400902403,1.411030836969871,-0.033690384686509,2.013224493946697,-0.467679923469772,0.084958519084490,0.012319303163844,-6.316050848935369,-0.615114799607152,-0.092796471741572,-0.601422828086882,1
23.370003700256348,-17.518668305734440,14.412316485177259,1.325492662226649,1.113411127064379,1.406072963878235,-0.032877845155073,2.012784617326382,-0.529167676909197,0.078316707412938,-0.027978638434704,-6.204105304027627,-0.690613140676412,-0.098805302060960,-0.606845950701966,1
23.380006551742554,-17.507432752664876,14.426350696525294,1.325167662411448,1.133541892099261,1.400464996027385,-0.032128927422795,2.013368554267897,-0.592902434237765,0.071479358535092,0.142582091282494,-6.537508670055527,-0.676760708886240,-0.104898054012454,-0.611600390728360,1
23.389993667602539,-17.496009298466120,14.440309294732579,1.324850180087858,1.153663262895810,1.394211111626917,-0.031448452222448,2.015590041141150,-0.659759731235690,0.064788256898877,0.300093036290473,-6.844354077228693,-0.662932159245988,-0.111030612621149,-0.616241109434874,1
23.400005578994751,-17.484358407684368,14.454233127809255,1.324538472502800,1.173859729186745,1.387258152140679,-0.030832819947990,2.019332237539330,-0.729714606244158,0.058220668129620,0.445431180213859,-7.126467469955196,-0.649088752228185,-0.117222900037024,-0.620783771843951,1
23.409996986389160,-17.472528739326908,14.468056499369649,1.324233200721047,1.194060677191645,1.379606997448798,-0.030283270292792,2.024456745490141,-0.802223720288819,0.051804127651014,0.578334040153531,-7.383456826211150,-0.635297070019977,-0.123447750261749,-0.625209187165666,1
23.420661449432373,-17.459679188386403,14.482722469748722,1.323913056988770,1.215686298043618,1.370626809634202,-0.029766644204222,2.031323382201522,-0.882312760352522,0.045107215731084,0.707195007391854,-7.631575866788512,-0.620612239488354,-0.130140080231291,-0.629813371446813,1
23.430119991302490,-17.448090188834815,14.495645400265733,1.323633452609419,1.234931896778782,1.361937466868355,-0.029367581915714,2.038508942148224,-0.955445801931726,0.039298861992099,0.810580980929527,-7.829751106165004,-0.607627363533619,-0.136115794720284,-0.633793525048811,1
23.440036058425903,-17.435744463202980,14.509101887008045,1.323344082555156,1.255186799763423,1.352075180452809,-0.029007528375421,2.046996040622911,-1.034107474337334,0.033351037371594,0.895188975523721,-8.040227082487885,-0.591081932351178,-0.142420918834027,-0.637944731853038,1
23.449982166290283,-17.423159752949132,14.522496336657047,1.323057144509907,1.275590418388881,1.341389570458207,-0.028704777219837,2.056247098701089,-1.115077684385636,0.027561100476057,0.963543507503611,-8.238615541478943,-0.573319614296298,-0.148785981072228,-0.642039107474843,1
23.460003852844238,-17.410272144500173,14.535882570891818,1.322770749263575,1.296247883724036,1.329797283359665,-0.028457053170252,2.066208162225816,-1.198545582358215,0.021903474933061,1.022658683413644,-8.414025433602969,-0.555760079504770,-0.155240812375929,-0.646053610562721,1
23.471315383911133,-17.395475586436909,14.550847464822473,1.322450091153426,1.319689007764086,1.315696289859324,-0.028244411332256,2.078101620708522,-1.294718330571778,0.015726518347109,1.078044531738791,-8.583643324410478,-0.536349487217111,-0.162574443475027,-0.650450613738549,1
23.480010032653809,-17.383923004880092,14.562236789141453,1.322205058708796,1.337798080364232,1.304113599224389,-0.028127765565935,2.087630254149702,-1.369841435883735,0.011127028911039,1.112735661143743,-8.694352132706923,-0.521726985397257,-0.168244058390461,-0.653733036250526,1
23.489997148513794,-17.370457961578396,14.575191358889963,1.321924612443347,1.358703541892123,1.289997369944760,-0.028042382448320,2.098908762370425,-1.457224594535214,0.005999055686289,1.144452110684924,-8.801288050640565,-0.505247189343287,-0.174791367467463,-0.657399563734424,1
23.499995231628418,-17.356768104764779,14.588014860609375,1.321644452050903,1.379746733493071,1.274986131385853,-0.028007385197194,2.110474998670126,-1.545670794915310,0.001028497211186,1.167811252468455,-8.887522507279618,-0.489087884599570,-0.181382146136159,-0.660958892747529,1
23.509997606277466,-17.342863265033564,14.600687445796714,1.321364317275429,1.400911314512530,1.259083020947043,-0.028020635761044,2.121829903455609,-1.634578563031465,-0.003585698311718,1.101866090212461,-8.889967250318282,-0.433786713988177,-0.188020355644526,-0.666511967423135,1
23.519994258880615,-17.328752301133029,14.613191203328419,1.321083948871875,1.422176931892260,1.242298175066229,-0.028077262195966,2.132500639587910,-1.723422896934296,-0.007654537757422,1.032469051937503,-8.882939832010766,-0.380625553071660,-0.194710528905028,-0.671911340667433,1
23.530008792877197,-17.314404477750639,14.625542872596323,1.320802356364248,1.443580954536889,1.224595848013414,-0.028172131223911,2.142479459135766,-1.812298679663861,-0.011209008796140,0.960189382042883,-8.867081078626047,-0.329705810840037,-0.201464995121552,-0.677154399439833,1
23.545015335083008,-17.292497091804737,14.643712767636602,1.320378105275880,1.475839683395016,1.196399163804256,-0.028374738245116,2.156048199765221,-1.945102754131834,-0.015610233883821,0.847069054467458,-8.827287449594095,-0.257643705882816,-0.211684982798694,-0.684703193694591,1
23.550138473510742,-17.284907138630000,14.649816928002355,1.320232513495178,1.486897389597095,1.186317416996867,-0.028457997577586,2.160286449441536,-1.990285520128749,-0.016869963706328,0.807230003060644,-8.809419331791959,-0.234186876409521,-0.215199541094459,-0.687195214655900,1
23.560029268264771,-17.270095106240820,14.661451500274577,1.319950186953201,1.508302035457697,1.166202131775060,-0.028635584776109,2.167883762423832,-2.077221793627562,-0.018968509156467,0.728698516237054,-8.768928702597371,-0.190517759228399,-0.222019601133024,-0.691883344139319,1
23.570008754730225,-17.254934594420885,14.672984985654395,1.319663437314978,1.529971865458967,1.145036135291594,-0.028833667526447,2.174752078784426,-2.164496824684112,-0.020658753339407,0.647429971506284,-8.720247915442799,-0.148567658822780,-0.228947331350132,-0.696450246028257,1
23.580370664596558,-17.238965777609362,14.684730862897165,1.319363558349987,1.552537642860437,1.122143117489239,-0.029055004372769,2.181031782194050,-2.254456581772762,-0.022004433974284,0.564952602206473,-8.641144533673890,-0.112170670045595,-0.236184471284834,-0.700449970202106,1
23.590034246444702,-17.223860032975168,14.695468746597731,1.319081725873634,1.573640435426412,1.099953654418198,-0.029272396607275,2.186115865931487,-2.337574193000146,-0.022934506621315,0.486964326826223,-8.559476100273631,-0.080567889922555,-0.242970718223167,-0.703957174222350,1
23.600003004074097,-17.208064472360604,14.706316102217382,1.318788771906693,1.595455617706167,1.076227672063140,-0.029504502733068,2.190563032049339,-2.422459817617783,-0.023581822191656,0.405038477116216,-8.470464491745922,-0.049572391145560,-0.250005565605963,-0.707431229494360,1
23.610098838806152,-17.191844155733445,14.717057366520260,1.318489669044556,1.617591963943775,1.051339037822619,-0.029744611817594,2.194227715156607,-2.507506830165981,-0.023930681296976,0.320667330501790,-8.375482356651954,-0.019801259371926,-0.257165318883990,-0.710801212860326,1
23.619993686676025,-17.175731255536036,14.727335860754414,1.318194184217584,1.639317322959510,1.026119818972018,-0.029981908880186,2.196986414727409,-2.589899382251894,-0.023988676649831,0.236758159841447,-8.277794983870528,0.007826163732177,-0.264214158403213,-0.713958613114898,1
23.630093097686768,-17.159063034953355,14.737565567370375,1.317890163704777,1.661516195791524,0.999542954515468,-0.030223321571080,2.198940303860148,-2.672977409510106,-0.023773738570235,0.149996445522650,-8.173495250230102,0.034481367222124,-0.271440371447471,-0.717033159723416,1
23.640017509460449,-17.142465151958412,14.747352479907478,1.317589050886813,1.683345366728008,0.972614455602306,-0.030457137603231,2.200007337706262,-2.753557591491056,-0.023295767540579,0.066770609721084,-8.061154399123271,0.065672540325863,-0.278570407132050,-0.719644779756821,1
23.650016784667969,-17.125522519550806,14.756939148794441,1.317283342300436,1.705346379570027,0.944679283525186,-0.030686120085797,2.200275681680321,-2.833539210448837,-0.022436104046394,-0.013374719310789,-7.935529376374047,0.105787420242443,-0.285776836113396,-0.721689893782786,1
23.659994602203369,-17.108398187501109,14.766222191870684,1.316976078784020,1.727297267422685,0.916015227746053,-0.030904078675017,2.199736735457215,-2.912079020132926,-0.021192769824896,-0.094905615952028,-7.807694102920085,0.142979572032956,-0.292987034021107,-0.723603537154142,1
23.669993162155151,-17.091017349249611,14.775234379071220,1.316666041041738,1.749285868117200,0.886509811463539,-0.031108247161059,2.198373412021037,-2.989495803769065,-0.019588313309841,-0.178011691017806,-7.677113135465500,0.177497954185980,-0.300231257691430,-0.725394091828109,1
23.680054426193237,-17.073312421431982,14.783998117463824,1.316352204746214,1.771385992426147,0.856056344683531,-0.031295731536420,2.196157338563837,-3.066038913311242,-0.017639808379522,-0.262855999307828,-7.543292423676485,0.209524435691444,-0.307535564366816,-0.727066724143927,1
23.689989328384399,-17.055599125437563,14.792353364864375,1.316040337120961,1.793198079539431,0.825214251532831,-0.031460207673253,2.193123827972941,-3.140340660004003,-0.015410890139595,-0.347766317832296,-7.408649077358267,0.238599504065534,-0.314769189816972,-0.728592967865578,1
23.700032711029053,-17.037477938087960,14.800482058181021,1.315723619355377,1.815206511210760,0.793301740370431,-0.031602495415168,2.189196042912293,-3.214058681527567,-0.012877413615691,-0.434502523408736,-7.270172087970982,0.265468840831051,-0.322094286822451,-0.730007577687227,1
23.710073232650757,-17.019142484249389,14.808283816704060,1.315405718865326,1.837163263935323,0.760669633946955,-0.031717692595458,2.184389684317179,-3.285743599190836,-0.009999639956664,-0.521765755114202,-7.011102679731367,0.307229089270918,-0.329416566746124,-0.728557392759748,1
23.720582962036133,-16.999714306373111,14.816095269456397,1.315071891262052,1.860089690945312,0.725755771932837,-0.031805062847780,2.178457639777602,-3.358057462770156,-0.006557160585108,-0.605947495802592,-6.752683398162640,0.347265340899345,-0.337065066434388,-0.726973976833668,1
23.730089664459229,-16.981932634886313,14.822842108490647,1.314769284627147,1.880771178820493,0.693529969821620,-0.031851198468288,2.172358835256832,-3.421185551988049,-0.003096403613486,-0.676207456702115,-6.529726245764963,0.380306886082243,-0.343969175561597,-0.725489714423271,1
23.739989280700684,-16.963206478867772,14.829539414496660,1.314453865862686,1.902243468159332,0.659343586249338,-0.031862691754196,2.165325018273027,-3.484723417691446,0.000826198610151,-0.743845868579656,-6.307769234873072,0.411610753967367,-0.351143724648513,-0.723891598310730,1
23.749989509582520,-16.944075922946695,14.835957565989927,1.314135350386715,1.923858433895859,0.624184609008966,-0.031833361354980,2.157567250040847,-3.546721618027147,0.005087391617684,-0.806853842762120,-6.093486697597215,0.440115357461480,-0.358374336462651,-0.722223046585743,1
23.759992122650146,-16.924724977569049,14.842022466343554,1.313817270175157,1.945397879565529,0.588407607983462,-0.031760021811624,2.149202320660325,-3.606638035320684,0.009619510929575,-0.864946908917077,-5.888445153452948,0.465596685876845,-0.365589707669000,-0.720499495150978,1
23.770026922225952,-16.905096645236906,14.847744051535294,1.313499151062842,1.966918719573745,0.551925219732100,-0.031639692195832,2.140273079208020,-3.664715605970671,0.014385581290050,-0.904867926490900,-5.684109367045601,0.475140924933916,-0.372809944723497,-0.718466524085475,1
23.780028343200684,-16.885315874158977,14.853080352361934,1.313183477124522,1.988281098207572,0.514988548415707,-0.031472333929472,2.131171433867316,-3.720516312846623,0.019048172776428,-0.915003798851333,-5.475030187548765,0.457173669199059,-0.379983473270618,-0.715893030720566,1
23.791264057159424,-16.862842772031435,14.858630268673526,1.312831187096285,2.012167325801379,0.472846870611449,-0.031229891133871,2.120827551822589,-3.780763157434214,0.024071856907161,-0.926337302480136,-5.251515942024376,0.437123247869919,-0.388010278893228,-0.712962675022246,1
23.799988508224487,-16.845205652505918,14.862611447570936,1.312559665342616,2.030636525832014,0.439661313657881,-0.031003417962777,2.112706273424782,-3.825855047012504,0.027818280050993,-0.935269886097119,-5.085610030531666,0.421654740023188,-0.394220961068122,-0.710658043533445,1
23.812930822372437,-16.818748403615217,14.867979351504811,1.312160896782112,2.057900624183448,0.389727539478161,-0.030608715768162,2.100513790181780,-3.890140233951204,0.033127799554657,-0.949016537510079,-4.850844653615593,0.398886460649792,-0.403395988672701,-0.707192963172659,1
23.819997072219849,-16.804153884081714,14.870635945553575,1.311945451051151,2.072720120625925,0.362117825440149,-0.030364762137274,2.093779927018526,-3.923982291624516,0.035902892906884,-0.956893525088497,-4.727928979453786,0.386548505577137,-0.408386601414120,-0.705277496854425,1
23.830192089080811,-16.782914823487676,14.874122835911667,1.311637829413781,2.094015315523936,0.321871944593031,-0.029978968751099,2.083964462432597,-3.971302244812772,0.039753349039744,-0.968870505292743,-4.556599326510683,0.368871936184245,-0.415562375718335,-0.702484881030474,1
23.839993476867676,-16.762290622203839,14.877086163682053,1.311345961230858,2.114392725259786,0.282731820023391,-0.029571523854364,2.073684572144761,-4.014976398971676,0.043448775961077,-1.198198408487704,-4.337361422560217,0.401028738256960,-0.422439965467841,-0.701438391128439,1
23.850001335144043,-16.741026446011873,14.879713924625509,1.311052258772254,2.135080442291808,0.242337276677027,-0.029115690826615,2.060080260881170,-4.057200898055217,0.047736886754309,-1.515809102702423,-4.104875454954455,0.455371452666465,-0.429458008279363,-0.701037323585459,1
23.860005140304565,-16.719567269884227,14.881934288889662,1.310763491998304,2.155605852620378,0.201552900340141,-0.028614552134313,2.043446291491547,-4.097194229788269,0.052549739897163,-1.805619573327500,-3.895349262340215,0.506401204958330,-0.436467440943761,-0.700452295478141,1
23.869997501373291,-16.697922860421684,14.883743321218715,1.310480234621865,2.175932971019550,0.160415089160399,-0.028063284508753,2.024064496515220,-4.135165432849698,0.057851753709281,-2.068871228527617,-3.706944643875244,0.554116604269079,-0.443463928695931,-0.699683904325678,1
23.880027055740356,-16.675997778318568,14.885143614932215,1.310201777185534,2.196125269445090,0.118757703156538,-0.027454425694372,2.002095427878639,-4.171477287514906,0.063635755175546,-2.307897024086663,-3.537086294495067,0.598729549070895,-0.450476807414838,-0.698727977853986,1
23.890028953552246,-16.653940005912823,14.886121924424904,1.309930554838325,2.216024309408930,0.076874734445940,-0.026787531544455,1.977928471558853,-4.206069771658008,0.069830983930121,-2.522320355079743,-3.385160172325479,0.639955261353131,-0.457457548945146,-0.697590747034217,1
23.900001287460327,-16.631736217488111,14.886678957509202,1.309666919500898,2.235626240805953,0.034751254554417,-0.026058454394059,1.951794451959900,-4.239147855159924,0.076406582163967,-2.713700091852914,-3.249212552884585,0.677869208596451,-0.464409897684334,-0.696272811115845,1
23.909999370574951,-16.609288222586567,14.886813989749133,1.309410326617093,2.255001070021035,-0.007792476041947,-0.025261543208871,1.923822764865629,-4.271635696051731,0.082928110206842,-2.879615712364246,-3.248962243081550,0.626673147830258,-0.471363972108003,-0.694845873972455,1
23.920943260192871,-16.584494086060673,14.886472170059662,1.309138955446286,2.275880240710972,-0.054737270044600,-0.024317523560368,1.891384861721805,-4.307153142056267,0.089483717648842,-3.045484227270737,-3.239981835465798,0.571518755049304,-0.478959159228695,-0.693081756795525,1
23.929994344711304,-16.563818355503670,14.885799935191047,1.308922595673395,2.292872387985656,-0.093853177962488,-0.023484824271454,1.863245804527744,-4.336416070157796,0.094453634610077,-3.170755364578591,-3.225247869835253,0.526846754843546,-0.485224919677998,-0.691463141094888,1
23.939998865127563,-16.540787106027715,14.884643457673768,1.308692459485367,2.311351989681082,-0.137396940175151,-0.022514329760751,1.830881756642918,-4.368568709293730,0.099481556354899,-3.297228301084966,-3.201152404887136,0.478487746093444,-0.492132868203949,-0.689505778137012,1
23.951776504516602,-16.513437647328452,14.882721298521147,1.308434309822699,2.332684444963283,-0.189071653443782,-0.021310728244668,1.791244551292679,-4.406053869837206,0.104788735100676,-3.430713350756803,-3.162139047965475,0.422962476545336,-0.500239283488417,-0.686974942673195,1
23.959994554519653,-16.494206242927376,14.881018314599023,1.308262744217340,2.347289010308897,-0.225389349456247,-0.020435662808838,1.762699957963121,-4.431905705801880,0.108108921571852,-3.514428174251233,-3.128023814498559,0.385141581946950,-0.505877434333200,-0.685063940667358,1
23.969989299774170,-16.470659361024662,14.878543853163322,1.308063966169016,2.364729021286796,-0.269838367096356,-0.019336706830261,1.727299017423745,-4.462859712827752,0.111736667185421,-3.489435572942309,-3.036535487540957,0.342713869737719,-0.512706614630975,-0.679357822435094,1
23.980004310607910,-16.446889954914457,14.875617029652961,1.307875963969063,2.381857829260451,-0.314684338936258,-0.018201057302892,1.693691840617028,-4.492385675890756,0.114987085747632,-3.222649736926639,-2.861309891341657,0.306574404013756,-0.519448518468206,-0.666986597540963,1
23.990096569061279,-16.422767632241282,14.872212145643827,1.307698193299651,2.398790189123937,-0.360162264474564,-0.017025652666574,1.662503073786878,-4.520409659640202,0.117902078994546,-2.959526251569091,-2.694107510642076,0.271329934966657,-0.526116970501350,-0.654622489202130,1
23.999966621398926,-16.399010932854694,14.868436715343060,1.307535934237294,2.415059130410356,-0.404907615386862,-0.015849282753384,1.634537329320830,-4.546226717815467,0.120414621704227,-2.708323396019924,-2.538496617941052,0.237977414773807,-0.532518856390072,-0.642628167672142,1
24.009991407394409,-16.374717054628121,14.864148421480293,1.307383127288141,2.431314268843694,-0.450610830675811,-0.014630659693894,1.608635897474339,-4.570913276932369,0.122635298096761,-2.459978550448215,-2.387321032167828,0.205213792041841,-0.538900869972525,-0.630544577542908,1
24.019992589950562,-16.350321569461592,14.859412907023138,1.307242972682678,2.447283162610420,-0.496441228646307,-0.013394459323749,1.585241953908722,-4.594059368043323,0.124528793167237,-2.219646373775272,-2.242341209463479,0.173631212840662,-0.545147052421268,-0.618590632190624,1
24.030011415481567,-16.325724055036336,14.854208339790757,1.307115056539063,2.463057580784922,-0.542577379257716,-0.012138658528666,1.564177289760187,-4.615817323902117,0.126114380375972,-1.986839203704724,-2.101889615363370,0.143077287567889,-0.551284888251389,-0.606715786853448,1
24.040097475051880,-16.300801693495799,14.848500597419685,1.306999063605846,2.478733761950317,-0.589238632760098,-0.010858093554905,1.543784385760051,-4.636400041097287,0.128191148333833,-2.203231357571487,-1.988389408484712,0.344689229774187,-0.557383384480957,-0.606365915891463,1
24.050000429153442,-16.276181365763492,14.842438188183381,1.306897897020443,2.493905878636114,-0.635245341673314,-0.009566891014200,1.519920853042964,-4.655634193924118,0.133089608380617,-2.612750964982642,-1.898081433303760,0.642039854095048,-0.563413430034928,-0.611527711093187,1
24.060052633285522,-16.251033987818520,14.835816548207307,1.306808567950399,2.509046788091212,-0.682142546197899,-0.008191627701438,1.491662815034709,-4.674294894275977,0.140993976247418,-3.005261369304747,-1.815888088445661,0.927823372907420,-0.569586845282773,-0.616633225315808,1
24.070094347000122,-16.225764776385216,14.828730870024373,1.306733588358844,2.523867469897008,-0.729169637714620,-0.006724468470616,1.459612313064604,-4.692151555643805,0.151676804036360,-3.374641724494901,-1.741936470254386,1.197263564491251,-0.575803789384766,-0.621597314238175,1
24.080188751220703,-16.200212856241205,14.821130612908185,1.306673650494148,2.538424109736459,-0.776623934099008,-0.005127907484671,1.423764818435444,-4.709390296827697,0.165063082210261,-3.723825189122785,-1.674440570906912,1.452176827796912,-0.582103355198898,-0.626451185535289,1
24.090072154998779,-16.175059311385873,14.813225825165791,1.306631279294501,2.552306587079321,-0.823242753520908,-0.003421980203451,1.385363525695064,-4.725633361727390,0.180583116159616,-4.044776037305614,-1.613760678148148,1.686391622402034,-0.588316858698090,-0.631070006963446,1
24.102575063705444,-16.143038059475316,14.802561962500473,1.306603180296336,2.569303064434643,-0.882456821336563,-0.001024795763004,1.332394306484818,-4.745362505800790,0.203413530238012,-4.422283247473195,-1.542782010970214,1.961310997091920,-0.596243403954763,-0.636726276495657,1
24.109997034072876,-16.123932990224457,14.795881807808584,1.306601313023009,2.579067996297000,-0.917717750192185,0.000540315822175,1.298789537367806,-4.756663680094616,0.218538987381227,-4.631705145477212,-1.502864401224960,2.113301168002489,-0.600981150947992,-0.639984128404415,1
24.119994640350342,-16.098084976064605,14.786469089780288,1.306617996063939,2.591816509903107,-0.965346095946007,0.002833995671252,1.251142284806288,-4.771426591595837,0.240637232773577,-4.897101293032294,-1.450735228144097,2.305038732475858,-0.607400771079957,-0.644255542561018,1
24.129994630813599,-16.072103863662232,14.776576344404541,1.306658762119690,2.604079448378471,-1.013134279436548,0.005358755414602,1.200919377426219,-4.785678149843291,0.264586224612430,-5.143956971617746,-1.399511633326071,2.482096433000470,-0.613864432204518,-0.648393870532567,1
24.140676736831665,-16.044218104022001,14.765480106950077,1.306731617789104,2.616610128063714,-1.064336497418886,0.008330215459993,1.144648451696757,-4.800336285867079,0.292040595973807,-5.387753972083613,-1.344680306956988,2.655187625677231,-0.620813908527743,-0.652665969117510,1
24.149992704391479,-16.019792911278088,14.755356299104577,1.306822257056975,2.627036947391188,-1.109113923958249,0.011168109622244,1.093530041107434,-4.812637017469274,0.317426850253705,-5.584133164964185,-1.295884748554079,2.792812273652912,-0.626910984493694,-0.656266326190476,1
24.160031557083130,-15.993366951059572,14.743979622207542,1.306950840287341,2.637729757058131,-1.157490521199613,0.014497676711764,1.036479102184025,-4.825374487706357,0.346150319459644,-5.779380734941303,-1.241414589285564,2.927438615336849,-0.633517919986151,-0.660015382522501,1
24.170022964477539,-15.966962813960574,14.732174179758852,1.307113453389590,2.647794254233440,-1.205761202041880,0.018104132344797,0.978358339843941,-4.837202949141868,0.375946149003695,-5.643462429521461,-1.008879875247161,3.009370293991845,-0.640131918804530,-0.664669181851304,1
24.180084466934204,-15.940272796761631,14.719797120198177,1.307315153443530,2.657365147750995,-1.254473295356086,0.022039100205325,0.925290448092822,-4.844493306129865,0.406211970109087,-4.918350702465357,-0.447733850174219,3.005616242557696,-0.646853441423350,-0.671363392506632,1
24.190059900283813,-15.913722355132162,14.707043670192990,1.307555679589625,2.666360515057302,-1.302807031858911,0.026240126920963,0.879495613861611,-4.846365960633543,0.436147026829023,-4.276768636725625,0.065220795985148,2.995875299551508,-0.653582309209201,-0.677863034191056,1
24.200960159301758,-15.884603784718831,14.692553250587876,1.307868297324566,2.675706820607169,-1.355625165704335,0.031172471580869,0.836316712315331,-4.842811391029400,0.468718512604948,-3.659072812085548,0.578947138820620,2.978619149902349,-0.661010022040627,-0.684811609705428,1
24.210133314132690,-15.860024380626243,14.679914225116519,1.308174350414041,2.683231123395562,-1.400018997163903,0.035597159914235,0.804884641049932,-4.835658969922259,0.495955126374298,-3.203497637270765,0.975121074493998,2.958940800282144,-0.667318234004024,-0.690532925985154,1
24.220963001251221,-15.830924414205903,14.664471889036825,1.308589486316548,2.691767926675031,-1.452312726799323,0.041140169511524,0.772790245217711,-4.822748529342924,0.527842123479645,-2.737220632549290,1.402484306676152,2.929874429503101,-0.674831078506401,-0.697138471575550,1
24.232943773269653,-15.798615093967554,14.646723488757047,1.309121188277175,2.700842344821581,-1.509991026523670,0.047674579350525,0.742659341599496,-4.803348326364471,0.562722018885003,-2.306287429772219,1.827399880834202,2.890632291382042,-0.683227540869418,-0.704262075285447,1
24.240002632141113,-15.779531868927460,14.635945111652406,1.309471905998915,2.706022812691063,-1.543852546224917,0.051719160816440,0.724350942614572,-4.790898264390107,0.583305848227752,-2.925866663066504,1.679876399157874,2.944819964710907,-0.688202308447212,-0.705043916611730,1
24.250009536743164,-15.752418509805576,14.620257080803572,1.310019127691272,2.713109276727974,-1.591711962998493,0.057704622260665,0.690539436528632,-4.775197171050411,0.613132333723724,-3.820544905176517,1.463561395960526,3.013707668713857,-0.695260982107505,-0.705766031557624,1
24.260015964508057,-15.725234782866208,14.604090117658663,1.310627777002068,2.719814070421462,-1.639426850682848,0.063992005562835,0.648115135695839,-4.761505593870943,0.643562907343758,-4.647375652893596,1.277825665407418,3.065418104870146,-0.702326679934616,-0.706380551855114,1
24.270051479339600,-15.697915377305709,14.587402488839111,1.311302709728910,2.726069560393134,-1.687136966177130,0.070603745942452,0.597604480571460,-4.749497292038946,0.674509233123258,-5.410946690028275,1.120678072749405,3.100897214499504,-0.709416359019118,-0.706888616782244,1
24.280960559844971,-15.668134952575496,14.568710435669400,1.312113945030015,2.732252887878634,-1.738898283276539,0.078148900128068,0.534353505065917,-4.738059816101877,0.708476025671450,-6.170191456315574,0.980946611859598,3.121887455393462,-0.717132178737458,-0.707318362987982,1
24.289994239807129,-15.643431627039266,14.552808572281537,1.312849209438040,2.736820320061244,-1.781661700344765,0.084676527494060,0.475981963428542,-4.729631322984608,0.736706058980452,-6.744956468831927,0.888466510494807,3.126140223896472,-0.723523102129912,-0.707577313504884,1
24.300000190734863,-15.616027728764635,14.534746914632763,1.313733769630057,2.741234891203156,-1.828937477216349,0.092203465701704,0.405541785912856,-4.721158841873219,0.767951512557969,-7.327029334366276,0.809158622155204,3.117744382231962,-0.730603254755800,-0.707761735750405,1
24.312964916229248,-15.580456958710311,14.510638731386193,1.314994817033222,2.745875472144777,-1.890087414939863,0.102415862025534,0.310601833069035,-4.712958821868035,0.806901471214891,-7.256277497436759,0.441740024731545,2.873758017685326,-0.739776714131392,-0.707318065246926,1
24.320012569427490,-15.561095068598458,14.497199194565692,1.315736916429738,2.747885157992207,-1.923297831939582,0.108173608747344,0.259724456596875,-4.710519405401598,0.826658698716149,-7.179699564888647,0.253410059450962,2.732461891744556,-0.744761242759367,-0.707006937568439,1
24.329994678497314,-15.533654280786992,14.477766443392838,1.316858319311414,2.750121830727079,-1.970309076540149,0.116558041597008,0.188605832708551,-4.709199760760437,0.852944478396144,-7.069534037619433,0.016785688180213,2.534704382994124,-0.751816083124229,-0.706513440428982,1
24.339995145797729,-15.506143519939615,14.457826943828852,1.318067019740158,2.751656330830704,-2.017405957372092,0.125211364700104,0.118466928774867,-4.710074411741914,0.877313743014054,-6.957293104108006,-0.186118725441623,2.339397386459555,-0.758878816445467,-0.705956845896413,1
24.352954864501953,-15.470474077433245,14.431285311955317,1.319764289308511,2.752611512308447,-2.078471448071072,0.136770993454709,0.029255041774634,-4.713932877411378,0.906015268632655,-6.809317103885534,-0.400345591853983,2.090607656144174,-0.768022993858550,-0.705142931789134,1
24.364938974380493,-15.437488289925930,14.406039577264911,1.321468906115054,2.752476488477993,-2.134992996131394,0.147772814585467,-0.051512428487443,-4.719681034256680,0.929711928021628,-6.670244723316237,-0.551721331556620,1.865033929539878,-0.776468022682837,-0.704297356267026,1
24.369996547698975,-15.423566272248848,14.395179774909924,1.322228317454023,2.752130687997143,-2.158873716907142,0.152499194068514,-0.085242492965865,-4.722539297505730,0.939061403027268,-6.695001926140168,-0.563878930174114,1.863302448605228,-0.780027808266667,-0.702834488495184,1
24.379994869232178,-15.396055621953170,14.373359046782921,1.323800266100612,2.750941666978381,-2.206117782419217,0.161982557589899,-0.152813317442249,-4.728031079769354,0.958109667186595,-6.818642999577395,-0.531309443954082,1.944165090559638,-0.787034656105876,-0.698799658982197,1
24.389998912811279,-15.368543215490252,14.351051731593193,1.325469059118458,2.749069822875587,-2.253444133969275,0.171666182068118,-0.221570844977406,-4.733100617995823,0.977892555552519,-6.923953803417112,-0.478956997109234,2.007915680815189,-0.794005347063001,-0.694737714871800,1
24.400958538055420,-15.338430581439916,14.326071572159783,1.327409541757992,2.746223796693488,-2.305342180010312,0.182504746696147,-0.297990634320672,-4.737937675448518,1.000194427917424,-7.018834048602331,-0.400154235007824,2.058864774167725,-0.801594570796648,-0.690259817727672,1
24.410036802291870,-15.313510830804070,14.304946101226756,1.329107978341772,2.743228160054501,-2.348373242063998,0.191670771904025,-0.362010527037406,-4.741212107917923,1.019022953924509,-7.081712519447706,-0.318814095907868,2.086736335435845,-0.807844499316976,-0.686527779292554,1
24.419998645782471,-15.286203659276005,14.281317813473319,1.331068184028701,2.739269739407318,-2.395616341483614,0.201925495154155,-0.432832160469135,-4.743878119088002,1.039902902638920,-7.134819649303165,-0.213779352242053,2.103004727467605,-0.814662763632791,-0.682409694868881,1
24.431608200073242,-15.254434946639227,14.253187787380801,1.333482924709113,2.733763242914143,-2.450698589469667,0.214139393498144,-0.515921379584719,-4.745555385249773,1.064339958968002,-7.176423278585635,-0.071784640543179,2.103911323735685,-0.822556744905470,-0.677579736959386,1
24.440025806427002,-15.231440245864501,14.232388860160270,1.335323539741829,2.729164230309415,-2.490649196719181,0.223172504193690,-0.577001629492626,-4.745584726186714,1.081426359769027,-7.370116811331129,0.072022853690855,1.917180696936680,-0.828240097357931,-0.672265465957068,1
24.449996232986450,-15.204261170241939,14.207321982107093,1.337602554741507,2.723041008469648,-2.537954699604067,0.234044751161281,-0.651791235734487,-4.743954398234244,1.099177688602527,-7.627678623496397,0.255546799918813,1.645467780731482,-0.834908066298044,-0.665378571949294,1
24.459997415542603,-15.177059476077034,14.181700381170163,1.339998689488215,2.716136437287287,-2.585387357045477,0.245116493307711,-0.729236603790278,-4.740465169947086,1.114312070884682,-7.853028461508407,0.442645423409874,1.382409842232815,-0.841528529845241,-0.658461585387163,1
24.472958803176880,-15.141919997756970,14.147793425112507,1.343269688019128,2.706018055475077,-2.646784053055083,0.259665841334446,-0.832660452264781,-4.733135226749705,1.130093576322229,-8.097544855642063,0.689171579093934,1.055421885450545,-0.850004643566105,-0.649486532982574,1
24.480021238327026,-15.122828232405354,14.128980770174024,1.345131995460350,2.699933906067122,-2.680196578971416,0.267672751512965,-0.890257010285987,-4.727787469104007,1.136939067373185,-8.208963364379327,0.825297373008465,0.883698118496370,-0.854574774270756,-0.644589943253471,1
24.492268085479736,-15.089835048294196,14.095805797938020,1.348495317281826,2.688412410372869,-2.738023609071762,0.281654313504034,-0.991793315368479,-4.716222969098979,1.145988843050461,-8.366949098690151,1.064000407779316,0.596557859305670,-0.862416176288332,-0.636091235273153,1
24.499996662139893,-15.069084517171856,14.074500697854953,1.350706718555935,2.680495304128516,-2.774445621799195,0.290528613917953,-1.056778158817727,-4.707410682381078,1.149922463240005,-8.444408545651358,1.216286560793689,0.422092306282115,-0.867312260432829,-0.630720560158650,1
24.512796640396118,-15.034869501889451,14.038608752369898,1.354519125525126,2.666271957065268,-2.834584325815885,0.305264536169694,-1.166627771300341,-4.690365115212355,1.151641567780330,-8.727227530581533,1.446916377763534,-0.171960481842495,-0.875426048674292,-0.638495480043687,1
24.520027637481689,-15.015616313956796,14.017984564052375,1.356757107841466,2.657604590437189,-2.868469172474803,0.313586551541046,-1.230269733867500,-4.679421191062365,1.149188505593532,-8.867841273307862,1.579771182323729,-0.504044734204965,-0.880061973973082,-0.643409552123156,1
24.530028343200684,-14.989100139017337,13.989062724963311,1.359950714648694,2.644854094446469,-2.915186798209017,0.325047201864267,-1.319796737025540,-4.662685967309421,1.141942955404532,-9.029126341936690,1.767659266068660,-0.940551776201962,-0.886529378630286,-0.649849796749039,1
24.540027141571045,-14.962724142107337,13.959683702526885,1.363257464761922,2.631205154700797,-2.961713184795135,0.336410485229697,-1.410721279858648,-4.644054923502898,1.130465132242918,-9.153192551688226,1.959979712468645,-1.351228664641710,-0.893057101074688,-0.655876401291139,1
24.549947738647461,-14.936689434238025,13.930070667964062,1.366650582536799,2.616756523044967,-3.007689762189218,0.347553566611282,-1.501999074671557,-4.623645192406424,1.115139711284515,-9.240956885770764,2.154884377394776,-1.734042812266331,-0.899592396586915,-0.661450007284101,1
24.559943437576294,-14.910614041435489,13.899781186723482,1.370179429918868,2.601282960709487,-3.053787680143077,0.358605591842594,-1.594652244854258,-4.601112574447362,1.095983796156827,-9.295135005686124,2.354920195161791,-2.095433241073092,-0.906229297602550,-0.666654574230152,1
24.570026636123657,-14.884464361923978,13.868752055140572,1.373851103892560,2.584728816390239,-3.100063888419322,0.369545641862546,-1.688444554850381,-4.576331028624451,1.073246573372280,-9.268752788517027,2.560977041857794,-2.355902484356726,-0.912965883005305,-0.664803937406335,1
24.580016374588013,-14.858729992311485,13.837556064552341,1.377595834939336,2.567402034300613,-3.145647936253373,0.380147916199232,-1.780305214322455,-4.549718329704175,1.049301415143754,-9.119163282385887,2.766919451224654,-2.437401967603963,-0.919528483437737,-0.649115715761620,1
24.590001821517944,-14.833182382796299,13.805917485832873,1.381443872754047,2.549172111353418,-3.190939716419405,0.390503335313883,-1.870535503341539,-4.521066218330777,1.024573741769834,-8.948972659058155,2.971333225513058,-2.514360770002858,-0.925932699339285,-0.633552914420541,1
24.599998474121094,-14.807794141271902,13.773793371211108,1.385398371616736,2.530028954237319,-3.235983388116327,0.400618781366777,-1.959061230320568,-4.490346292301367,0.999071903509652,-8.758897040435322,3.174451907842830,-2.586986955104955,-0.932188735873133,-0.618093367990633,1
24.609994411468506,-14.782604051856392,13.741223668100622,1.389452313470120,2.510012600619575,-3.280705589107772,0.410474810035191,-2.045584195294518,-4.457606894436224,0.972868237118987,-8.550098723003689,3.375978204385377,-2.655290487634919,-0.938290253859125,-0.602755319152510,1
24.622255563735962,-14.751982404072988,13.700661243677629,1.394557916867090,2.484293499874395,-3.335105277304856,0.422202604733598,-2.148734129146762,-4.414705702071794,0.939823908506736,-8.269765410489379,3.620965187819292,-2.733333538245834,-0.945566763402097,-0.584103469137083,1
24.630072593688965,-14.732630676919186,13.674458444832212,1.397886475972379,2.467247626286093,-3.369499816065696,0.429464587955409,-2.212629859925725,-4.385797295464299,0.918275889796446,-8.077900871284633,3.775799445946970,-2.779853623318414,-0.950086154972704,-0.572308355908064,1
24.640006542205811,-14.708232813816599,13.640771856706369,1.402197399396213,2.444875566939676,-3.412876608123439,0.438448554508678,-2.290974222048566,-4.347365076364099,0.890553335183730,-7.631942258410548,3.957784901384422,-2.784546182118673,-0.955703272598720,-0.559268364170941,1
24.650028705596924,-14.683847340748095,13.606351436469570,1.406635648134075,2.421542000207988,-3.456242786819484,0.447233913325117,-2.364733003731963,-4.306800836630630,0.862750070792002,-7.088626549560280,4.138126889498766,-2.764253465819329,-0.961247177376770,-0.547128021465310,1
24.660948753356934,-14.657544202829969,13.568349880828972,1.411570740772775,2.395305710970261,-3.503026632625751,0.456491588800102,-2.438940417505785,-4.260519715879545,0.832677955727430,-6.502370892327440,4.337890047953641,-2.743066222778933,-0.967150577914168,-0.533999287483676,1
24.669995069503784,-14.635976093906716,13.536486603211332,1.415734041530025,2.372982786223496,-3.541388872408465,0.463912251796151,-2.495587960483793,-4.220524436751307,0.807941368047522,-6.022466734025723,4.504516365443331,-2.725825003366410,-0.971932421065413,-0.523204017088904,1
24.679993391036987,-14.612375967878339,13.500868461250640,1.420412315613451,2.347738824899841,-3.583358813414494,0.471854381575177,-2.553179818843915,-4.174566202553814,0.780783114221130,-5.499165705143279,4.688546745725635,-2.706693698166438,-0.977104283372868,-0.511356811087609,1
24.689954996109009,-14.589115732629827,13.464965243133962,1.425151151742151,2.322040104253599,-3.624709528782845,0.479498436957409,-2.605399168245826,-4.126951526590880,0.753916085731153,-4.986186286310183,4.870537219926201,-2.687191499930878,-0.982139909943736,-0.499640675163171,1
24.700141906738281,-14.565600094690367,13.427831754784352,1.430073824443614,2.295252532868914,-3.666489652794769,0.487038571929063,-2.653556247577360,-4.076404445926738,0.726649902014206,-4.471316527495089,5.054022201017447,-2.666454739927089,-0.987168483577938,-0.487751903549645,1
24.710000753402710,-14.543099583014792,13.391484451544256,1.434910704789046,2.268879637359807,-3.706432902806604,0.494073231740269,-2.695589864717934,-4.025817654476258,0.700153448308041,-4.125968182517970,5.186746074213448,-2.767095965774682,-0.991917742419823,-0.474991735061344,1
24.720028877258301,-14.520483734473398,13.354115227629677,1.439899943791582,2.241644768312797,-3.746540971016724,0.500951628700325,-2.735867536405216,-3.973331187089142,0.671355363536382,-3.904890147692857,5.281507671279330,-2.973591591891589,-0.996609799426917,-0.460829996824810,1
24.729996204376221,-14.498276535841542,13.316574830669699,1.444926063587569,2.214184651621927,-3.785881474974169,0.507492505154263,-2.773640179388678,-3.920214615539829,0.640764142191010,-3.672151224966451,5.376488021625408,-3.161762666052018,-1.001133488745662,-0.446871501161183,1
24.740353822708130,-14.475491261159300,13.277151010300068,1.450216498979169,2.185262524839513,-3.826197235477752,0.513956726241892,-2.810369457929454,-3.864010555325759,0.607077187727019,-3.417702428166165,5.475796485689358,-3.339770533394992,-1.005687638333608,-0.432490819176798,1
24.751293182373047,-14.451756317753270,13.235067627493692,1.455874070357008,2.154321971484910,-3.868134574281004,0.520394050935480,-2.846226771748986,-3.803537125318536,0.569602088916145,-3.136313431455356,5.581097895640903,-3.508928429978095,-1.010336066217619,-0.417442120240581,1
24.759993791580200,-14.433119457283160,13.201267289989435,1.460423237071844,2.129440892407133,-3.901017150092343,0.525215813566090,-2.872510741697181,-3.754610495741727,0.538535057453985,-2.904040762228225,5.665009671951526,-3.630076673824306,-1.013916563595361,-0.405572936347588,1
24.769996881484985,-14.411962655890335,13.162058167244361,1.465703350504289,2.100566277617033,-3.938289802319669,0.530419077258985,-2.900096574810088,-3.697442785649574,0.501596829331345,-2.572578642591452,5.771983434706097,-3.748203942209900,-1.017905766508127,-0.392046161679267,1
24.779994249343872,-14.391107860476330,13.122501827021471,1.471030583578630,2.071451803761818,-3.974963950828290,0.535244823238840,-2.923590963711308,-3.639109964401789,0.463651019196030,-2.128286766829205,5.896878295214363,-3.841503989490941,-1.021758227036901,-0.378671054555709,1
24.789993047714233,-14.370543772829052,13.082578908634069,1.476404535956829,2.042122469121069,-4.011051319008326,0.539686996849646,-2.942668066778503,-3.579546692351278,0.424812962675111,-1.688690186116289,6.017359390336172,-3.926168052984483,-1.025477900479784,-0.365428520988614,1
24.801916360855103,-14.346405477290537,13.034503086542376,1.482868214448454,2.006929797190660,-4.053298659542618,0.544470711941752,-2.959709733337514,-3.506971828907291,0.377454291764737,-1.171254344332626,6.155844724947825,-4.016034128479014,-1.029741554907704,-0.349811208338465,1
24.809989452362061,-14.330297057046081,13.001660855783348,1.487276506224275,1.982997142969085,-4.081414112950549,0.547386953647812,-2.967768049455990,-3.456897854498103,0.344804595936673,-0.825365935226857,6.246745685304973,-4.070158710349348,-1.032523789781765,-0.339342520465095,1
24.819988012313843,-14.310617009608047,12.960677898498806,1.492766535951824,1.953287424151799,-4.115666453577230,0.550630243790541,-2.973901630476278,-3.393884058899455,0.303801086418761,-0.402472447939872,6.356418142675935,-4.129783930328357,-1.035852645214523,-0.326499085353957,1
24.829993486404419,-14.291222809130447,12.919330879302608,1.498290235640856,1.923519673262005,-4.149303115545353,0.553462245433720,-2.975838144946117,-3.329749803078767,0.262216791700520,0.014273060646929,6.463265945912881,-4.181393803616027,-1.039055613699075,-0.313781680947069,1
24.839991331100464,-14.272142274511141,12.877685445898539,1.503835543784485,1.893776879469994,-4.182264912815720,0.555875022186740,-2.974195553361055,-3.264327561739447,0.220697480497087,0.258519236113278,6.652223962738671,-4.073427553364265,-1.042128283323810,-0.300842179383459,1
24.850139141082764,-14.253078116980054,12.835078712405437,1.509486986991519,1.863612226666676,-4.215043634284353,0.557908018938048,-2.970709983033871,-3.195718141983998,0.180299641630811,0.430464806200189,6.865906748322956,-3.889679289784777,-1.045114061588273,-0.287651336612377,1
24.860100030899048,-14.234661741393563,12.792934715125478,1.515052691848916,1.834044892959944,-4.246532791212871,0.559513939976604,-2.965534208704817,-3.126380928551424,0.142427437647955,0.610514434414780,7.051829539979425,-3.715299735107110,-1.047915437224276,-0.274831404591464,1
24.875089645385742,-14.207502040416957,12.728931541714834,1.523453808955202,1.789670513523300,-4.292595869339105,0.561241060699392,-2.954235942192398,-3.018827615648803,0.088635795357631,0.900547220756988,7.290056750967781,-3.463827517925487,-1.051892028081068,-0.255779258084774,1
24.879998922348022,-14.198751633969334,12.707821765422025,1.526210096958857,1.775178600834895,-4.307328004137750,0.561634778439910,-2.949571427334124,-2.982870288480127,0.071826740836964,1.000093569029988,7.357859436447772,-3.384274281989005,-1.053132544565513,-0.249602348941711,1
24.890254259109497,-14.180701912402323,12.663494171847343,1.531972892775512,1.744986766669887,-4.337528426410544,0.562196273525637,-2.938222692464441,-2.906749481020563,0.037955356132299,1.214629081405120,7.484229894896961,-3.222470881898786,-1.055626476401042,-0.236799070658725,1
24.901050090789795,-14.162034286999541,12.616499129957321,1.538043813883724,1.713341508141134,-4.368470784816077,0.562421461333305,-2.923850781714641,-2.825327904375345,0.004057357745565,1.449285396609741,7.596182314331755,-3.058423646305656,-1.058110816904751,-0.223466551333893,1
24.910032510757446,-14.146762534081304,12.577147692928968,1.543095370668653,1.687127697640538,-4.393534012819893,0.562329797366031,-2.914519476439619,-2.754193918725614,-0.025231311599068,0.526706747082458,8.301227184325366,-3.518972230871356,-1.060056610179509,-0.209512169185598,1
24.920030832290649,-14.130039723677315,12.533083481282750,1.548715854170883,1.657995635674558,-4.420642561310244,0.561892363876781,-2.914628099460947,-2.667061630801899,-0.063177912976187,-0.527814443553699,9.119961119423884,-4.063786083022227,-1.062072672482999,-0.193803934925421,1
24.930031299591064,-14.113604089268106,12.488741056836513,1.554331449980801,1.628804145698812,-4.446846573103478,0.561048796329464,-2.924675359833981,-2.571962605351684,-0.106350513771346,-1.461800110514429,9.889914528847875,-4.562264474530808,-1.063933224888991,-0.178307390284345,1
24.940728187561035,-14.096348624093020,12.441028548460093,1.560325885507591,1.597418350729030,-4.473777806378690,0.559640706694403,-2.945089241269912,-2.462004937398730,-0.157781413307713,-2.333647163777206,10.659680748997134,-5.045249697379429,-1.065752966644255,-0.161971365412140,1
24.950021982192993,-14.081629697268237,12.399344224417408,1.565519702122768,1.569936028312305,-4.496190241092159,0.557950793107316,-2.969898258870721,-2.360001196334206,-0.206460589909179,-2.989747470452813,11.283800621385334,-5.423831904792166,-1.067193163110216,-0.147978218028151,1
24.960024118423462,-14.066076801115415,12.354258730080097,1.571088889251556,1.540072054067650,-4.519219162640391,0.555608285960707,-3.002915763967682,-2.243975970698268,-0.262572939082603,-3.595815641513696,11.909499078820657,-5.789688150174227,-1.068598746998308,-0.133127897188806,1
24.970093965530396,-14.050721036003278,12.308638081452928,1.576669599566576,1.509641720635855,-4.541202847649036,0.552665449092511,-3.041209729211783,-2.121557042215356,-0.322079863995238,-3.774194072169796,12.209512084569310,-5.840105156228240,-1.069865894840746,-0.118925617580106,1
24.979993581771851,-14.035926480772329,12.263582095867807,1.582123806426791,1.479359591795549,-4.561610527377303,0.549198852532531,-3.076095374397001,-2.002001991110425,-0.377520613149019,-3.272009210891072,11.944670223945076,-5.365545600123914,-1.070979904180415,-0.106176226182348,1
24.989992618560791,-14.021288953955848,12.217873374781458,1.587595388755802,1.448447379440583,-4.581035530599935,0.545163532220631,-3.106224135794988,-1.883913541072757,-0.428887224441849,-2.752373885739030,11.675885866780261,-4.913554068798263,-1.071977915506048,-0.093480518081573,1
25.000026941299438,-14.006913275176482,12.171818380013356,1.593042690200053,1.417152602019990,-4.599353923153224,0.540620409154801,-3.131170401208085,-1.768115551743404,-0.476024006487160,-2.218285220232231,11.407714621913902,-4.487163673250652,-1.072852678715208,-0.080925109566669,1
25.011557579040527,-13.990778977490097,12.118662542173356,1.599244519229025,1.380909337216580,-4.618992550783072,0.534842697976340,-3.153138310996722,-1.638312534443922,-0.525101738437688,-1.588743944423598,11.104687178264776,-4.029990091702680,-1.073703796036811,-0.066721190551005,1
25.020091056823730,-13.979109653959316,12.079186860599862,1.603789185855750,1.353949256083331,-4.632571770480337,0.530218781457770,-3.164669537654729,-1.544485383333609,-0.558130492637736,-1.112280224215629,10.885981459570528,-3.713886469020465,-1.074228901971196,-0.056367201691188,1
25.033048868179321,-13.961832079427555,12.019035342243567,1.610611249910152,1.312870775070917,-4.651679414068823,0.522687870403258,-3.174307849598188,-1.405522989389806,-0.603325733910070,-0.372129120779383,10.565903813798665,-3.269105379388363,-1.074858737296843,-0.040900807566822,1
25.040036916732788,-13.952735191530740,11.986495461121567,1.614248905126047,1.290685042614497,-4.661244804136399,0.518394275170837,-3.174470528848372,-1.332338979541321,-0.625178698293848,0.338079381817416,10.378489887860267,-2.984107705790389,-1.075114556182405,-0.032310860633580,1
25.052504301071167,-13.936890226343584,11.928281708977796,1.620662414594753,1.251166782876739,-4.677057722953721,0.510380847528588,-3.162389802003906,-1.205047052275694,-0.659312629387994,1.590523226979398,10.041605859383123,-2.497392424173008,-1.075422653941963,-0.017157906159927,1
25.060101032257080,-13.927475692372060,11.892713965238054,1.624520800242947,1.227193725365994,-4.685925164600429,0.505302400955500,-3.147498674076382,-1.129533118819279,-0.677215538911868,2.325979632871063,9.837413164733396,-2.217562543854473,-1.075518364129853,-0.008053851227954,1
25.069995880126953,-13.915487036831520,11.846295970685011,1.629486956671568,1.196180315428394,-4.696623956191003,0.498498960507810,-3.119874259379844,-1.033502076935154,-0.697428239864585,3.251829304302705,9.574542444985786,-1.871562074165070,-1.075539987980987,0.003655095266862,1
25.079993724822998,-13.903683158787238,11.799289784750933,1.634435717709219,1.165165941963653,-4.706482592260209,0.491438210348620,-3.082840552655207,-0.939084187547704,-0.714477906783732,4.150263757120903,9.314118205665226,-1.542492605062617,-1.075445006131180,0.015316969095066,1
25.090028762817383,-13.892145162510515,11.752014327211212,1.639331097667361,1.134453149570093,-4.715441666175820,0.484196020843345,-3.036825814113846,-0.846900073678360,-0.728383880645424,5.014211904354429,9.059603023357761,-1.232289688168525,-1.075233284634320,0.026850869894356,1
25.100288391113281,-13.880665245082694,11.703593821506024,1.644260112223046,1.103576033318309,-4.723658014586410,0.476663692678465,-2.981021237187468,-0.755253273973970,-0.739485296063970,5.848670813832691,8.803694919215973,-0.931665368603007,-1.074898073267768,0.038530934043170,1
25.109991788864136,-13.870096245132331,11.657724057115272,1.648850430966041,1.074930523426761,-4.730578914833153,0.469451160695760,-2.922667931536618,-0.671937062968636,-0.746419582293725,6.178466528924155,8.370728449214537,-0.502289116085146,-1.074456322847189,0.052488787196581,1
25.120127916336060,-13.859348916199037,11.609737833933350,1.653570765528561,1.045627209557897,-4.736967750519773,0.461866316395292,-2.858300032954667,-0.589323011967005,-0.749363515801594,6.520895492424053,7.931455895666619,-0.083581037869621,-1.073851181791296,0.066871826049336,1
25.129991531372070,-13.849173481680586,11.562987922276148,1.658089877702047,1.017757285120724,-4.742401405131956,0.454477250679900,-2.792350369836314,-0.513138783455427,-0.748297084900621,6.851195494589536,7.519097409822264,0.295160132770839,-1.073123382272437,0.080672337877885,1
25.139993429183960,-13.839132727535350,11.515531610127354,1.662598041495692,0.990177360361078,-4.747164324801936,0.447013850468509,-2.722167296450979,-0.439955439819305,-0.743542199966580,7.182398556031607,7.118193802801644,0.650974747326987,-1.072247358715424,0.094470427171315,1
25.150120496749878,-13.829243466178994,11.467435411080046,1.667086980465437,0.962983767208915,-4.751261463190635,0.439523124410455,-2.647751748455269,-0.369842831229407,-0.735244979902972,7.513125552144541,6.731801818910912,0.982962274934414,-1.071220754234335,0.108240534400109,1
25.160098075866699,-13.819765533552832,11.420010880301874,1.671436038153871,0.936944316816690,-4.754622649079840,0.432241001916752,-2.571183337188905,-0.304487382078160,-0.723918615627634,7.833660307661998,6.371905499309929,1.282915979831184,-1.070073888115989,0.121609905513835,1
25.170024394989014,-13.810590724354515,11.372802136788929,1.675691054898011,0.911813888860887,-4.757336568892009,0.425123025365530,-2.491581565234481,-0.242758793337665,-0.709897804135080,8.350127603704831,6.155014208053506,1.493722895203825,-1.068806039533318,0.131526605765970,1
25.180112123489380,-13.801517895442398,11.324800122155319,1.679943717577413,0.887121665173277,-4.759470779073421,0.418038504458701,-2.402230681641353,-0.180231199943745,-0.694613985332031,9.352378826438848,6.238298326987651,1.535482793955574,-1.067470526012503,0.133243940725540,1
25.189999103546143,-13.792863220995729,11.277737798254416,1.684042958576731,0.863844201390905,-4.760946671836330,0.411246840340912,-2.305204853540485,-0.118233597475446,-0.679254219075229,10.264040055962738,6.300461956838899,1.570832309626818,-1.066145112575988,0.134872971174647,1
25.200153589248657,-13.784208747507352,11.229390109921200,1.688184021264113,0.840981436220186,-4.761821561917221,0.404431218759281,-2.196530730959068,-0.054014217245418,-0.663143136570907,11.129251984343606,6.345544042157730,1.601591852047659,-1.064767351858635,0.136490384849046,1
25.209994792938232,-13.776035871897715,11.182519635475892,1.692132823568685,0.819913594884030,-4.762045337009402,0.397982140592810,-2.083139323093484,0.008587493577882,-0.647253881250757,11.900715781035515,6.372290993681696,1.626233972915673,-1.063416432819863,0.138004331751331,1
25.220940589904785,-13.767183219717470,11.130396026987700,1.696450731327009,0.797840436827393,-4.761569265072140,0.390995162893116,-1.948521175231919,0.078418763985070,-0.629329164753090,12.682834018611922,6.383818456275673,1.647881647277265,-1.061896898818096,0.139625718385616,1
25.230037689208984,-13.760004574960053,11.087085874422959,1.699981635873228,0.780648547952855,-4.760591807396731,0.385338773480711,-1.830423359012802,0.136480800283457,-0.614274384580854,13.273510970100515,6.379833586959163,1.661431390348298,-1.060620840412902,0.140923259735326,1
25.239996910095215,-13.752318853464974,11.039684177316833,1.703788938300858,0.763088049703328,-4.758916056458801,0.379303376396742,-1.695236968953990,0.200140300064047,-0.597933014620855,13.868681913884537,6.422580923314432,1.593692669202232,-1.059207511718723,0.143215323497868,1
25.250081300735474,-13.744707557329187,10.991705819833678,1.707583757151759,0.746707736349269,-4.756570235692984,0.373352951630673,-1.552562341339421,0.265201231781255,-0.582397854922727,14.418846209304549,6.477670799244333,1.488274363444847,-1.057749510419732,0.145938248343507,1
25.260038614273071,-13.737350418125766,10.944380040228589,1.711270965495893,0.731978197166707,-4.753609332959145,0.367628664641534,-1.406580887902260,0.329861429153906,-0.568082612295349,14.907796486639581,6.512977814634198,1.389244504727876,-1.056284004757533,0.148547482523276,1
25.270025014877319,-13.730104294208486,10.896900076207450,1.714916137495669,0.718675490010132,-4.749987909904611,0.362020205225594,-1.255392246954588,0.395040803829952,-0.554677789902974,15.345740317941225,6.530611230355831,1.294701350057786,-1.054786973432438,0.151088928428287,1
25.279998779296875,-13.722996617838673,10.849547807401622,1.718499293489933,0.706924895361489,-4.745723183000476,0.356551128662164,-1.100380801124250,0.460190718583290,-0.542216161547662,15.731046755578214,6.531602353602914,1.205079168981858,-1.053267794748208,0.153547606841847,1
25.290004014968872,-13.715975942331367,10.802088725954265,1.722039813077771,0.696704327458470,-4.740788474296906,0.351184410958649,-0.943755090975942,0.527698770019632,-0.530882478032876,15.025247131870705,7.442418581098376,0.997162822667336,-1.051687018181305,0.169581566010325,1
25.300027132034302,-13.709037753649362,10.754599081260404,1.725533261998171,0.687969580772534,-4.735094868844548,0.345907877174789,-0.802106334659963,0.611355710303928,-0.522530616137672,13.264464828597964,9.214335126034685,0.673733186053707,-1.049832500237690,0.200384860180338,1
25.309997081756592,-13.702217477545142,10.707430258438192,1.728955508370317,0.680659301645566,-4.728528403051143,0.340728383939401,-0.661770487886962,0.707425829066703,-0.517072604901713,14.908373656943169,10.016077363053467,0.427096131738067,-1.047814647258638,0.203970738912277,1
25.320089817047119,-13.695377722064547,10.659736369392261,1.732368677763747,0.674764526945560,-4.720865847785907,0.335526749381994,-0.503711230096531,0.811789100422223,-0.513894943336066,16.363455421659392,10.632189311113576,0.207192146618716,-1.045740209045039,0.207024099806759,1
25.330154180526733,-13.688609642997294,10.612269047632674,1.735719383533637,0.670545109285810,-4.712149445132426,0.330362107886761,-0.332810940363973,0.921174785453917,-0.512798378089141,17.558714379496962,11.079505857953936,0.015091038459184,-1.043641742740917,0.209992260344007,1
25.340104341506958,-13.681950524503282,10.565425351160215,1.738981460303518,0.668119233231926,-4.702428741139021,0.325257116321537,-0.153173256781696,1.033001460874645,-0.513489397132652,18.508325140578929,11.372013072001247,-0.149998526296295,-1.041537792512595,0.212852576687820,1
25.350056886672974,-13.675306186608612,10.518681728520351,1.742192829008526,0.667524395140847,-4.691582498418722,0.320137215165496,0.034847802389510,1.147059180488498,-0.515707496428252,19.244693035817580,11.528990609711856,-0.292082135193900,-1.039405645130579,0.215638860852019,1
25.359989643096924,-13.668670464463347,10.472136505252012,1.745347406655331,0.668829669390525,-4.679618370415498,0.314997972574517,0.228847715376435,1.261848582101657,-0.519224392328487,19.783918455318105,11.563309247030331,-0.412591680527733,-1.037250095281086,0.218346103198120,1
25.370147705078125,-13.661861169772124,10.424667772537370,1.748520310239918,0.672182083095052,-4.666204743483227,0.309700385292756,0.431810046560839,1.378989991449203,-0.524071976095936,20.141695842606758,11.477590762294129,-0.584369915887177,-1.035021200462496,0.219373548969056,1
25.380038022994995,-13.655189506713576,10.378592359065992,1.751557245077237,0.677440691057118,-4.652009286796391,0.304484663388560,0.632001457662100,1.491616372447575,-0.531209961586598,20.322865672130902,11.285962092126834,-0.852654480240101,-1.032863036628816,0.217097638912590,1
25.390022516250610,-13.648390074403602,10.332216193446628,1.754571025685216,0.684766070557275,-4.636556431109638,0.299133770294603,0.835293972848750,1.602999803173585,-0.540914802912112,20.373696008292701,11.010162378337730,-1.084900834712144,-1.030706716812655,0.214793914875785,1
25.400166273117065,-13.641397622707338,10.285269565501785,1.757577269142236,0.694286289862962,-4.619735740409947,0.293587611441818,1.041686328249094,1.712938414716897,-0.552959013873498,20.300738258417660,10.654543422403162,-1.283888119367479,-1.028539844180888,0.212447913268661,1
25.410136461257935,-13.634420168265004,10.239295714342262,1.760476759020339,0.705678789532803,-4.602134055560605,0.288007741954754,1.243266947618541,1.817150526616994,-0.566594128735802,20.117393481118903,10.239599383918209,-1.445892048494126,-1.026433167354676,0.210136238709622,1
25.419994354248047,-13.627399879814206,10.194017186923531,1.763288209192977,0.718908453653759,-4.583730127717084,0.282349702658752,1.440283160614507,1.915839607689922,-0.581512183915823,19.837338872918608,9.773693035208408,-1.575850359514820,-1.024372905632445,0.207845038648832,1
25.430000543594360,-13.620131469786424,10.148252301204911,1.766083876635594,0.734306229715515,-4.564080537262742,0.276450675629858,1.636961738117295,2.011058372936113,-0.597820477629999,19.462426619476410,9.252096340106501,-1.679476642273439,-1.022304974612159,0.205513939019025,1
25.440038204193115,-13.612675212208140,10.102543540937793,1.768828327829886,0.751705444739135,-4.543437954556536,0.270364607118845,1.827966199595656,2.101128244159482,-0.614855785146836,18.378556757733833,8.694611457133879,-1.688660998891755,-1.020261169592807,0.200977889689065,1
25.450047016143799,-13.605056776373706,10.057174718832544,1.771503341360867,0.770899472096923,-4.521981072299473,0.264126399766842,2.004984006695133,2.185536338207501,-0.631569555882359,16.663950069805356,8.283963511961279,-1.561248241002293,-1.018276269856539,0.198868366862409,2
25.460105180740356,-13.597199312228206,10.011806025827562,1.774127682336418,0.791814103934789,-4.499566933693361,0.257714551090046,2.144879125614847,2.272887095030300,-0.641595996484398,11.251878072720139,9.064284458619529,-0.458109218739889,-1.016097292073189,0.234323348709423,2
25.470174074172974,-13.589115222426242,9.966611817012591,1.776690323401526,0.813899418844675,-4.476207590724560,0.251247156760015,2.233303592033070,2.367565150223091,-0.641277258100029,6.402247349780635,9.719109087700296,0.497322180213494,-1.013561527650158,0.269195355215557,2
25.479990959167480,-13.581017213322138,9.922787162018116,1.779125882031319,0.836061307705033,-4.452489473738306,0.244989389861832,2.275085774514336,2.465633229170859,-0.632380418345657,2.193421744203748,10.243128829138135,1.293844950560106,-1.010754623941415,0.302585324952839,2
25.489992618560791,-13.572541219242927,9.878379928525355,1.781544798752314,0.858860409981209,-4.427309190921013,0.238741164809975,2.277659853168428,2.570296431877185,-0.615918526646235,-1.597410149109530,10.668363102005914,1.977114300171532,-1.007560689065392,0.335992572516766,1
25.500106811523438,-13.563738466624470,9.833734590772547,1.783928336654678,0.881756238180147,-4.400761058963981,0.232622965319977,2.244155356690749,2.679931429207283,-0.592948924425689,-4.949599568307999,10.994229579227884,2.545034794168391,-1.003994198823511,0.369146649809117,1
25.509993791580200,-13.554911634714177,9.790357102079959,1.786199685805856,0.903717740973803,-4.373730458020911,0.226877356927917,2.200061082630850,2.787631276667635,-0.570096932723630,-3.948296054572968,10.782207705835226,2.074888676882712,-1.000392828170663,0.359002750977621,1
25.519994735717773,-13.545764417774830,9.746757899410429,1.788440437331766,0.925538941212147,-4.345317066338051,0.221272104126934,2.165485897574990,2.894224508506994,-0.551624308786355,-2.979376586648181,10.529331519808164,1.625026564163760,-0.996855604738506,0.348395897775586,1
25.530099630355835,-13.536301181691854,9.702995403308519,1.790648621020497,0.947286022499534,-4.315536293188771,0.215773277058356,2.139992857400358,2.999198274839306,-0.537356475372454,-2.078881977815147,10.240611930869070,1.204288956558268,-0.993388908670866,0.337701457198230,1
25.540089130401611,-13.526731803479993,9.660036687106810,1.792777460505709,0.968573618441964,-4.285069982795550,0.210458930928535,2.123358622706815,3.099941714448974,-0.527268621593486,-1.263651412580633,9.924283173983014,0.820653072656465,-0.990068144805995,0.327153281952679,1
25.549995899200439,-13.517032816958054,9.617741233037545,1.794836574898423,0.989558571382402,-4.253879582220848,0.205270076306588,2.114550772672154,3.196582047593698,-0.520896690096592,-0.526138350800754,9.582022120009661,0.470766978656081,-0.986878985468575,0.316715933440844,1
25.559992313385010,-13.507034945564911,9.575377978983763,1.796862625696366,1.010682241716171,-4.221451775010025,0.200080867887607,2.112722919330283,3.290530520116082,-0.517831223660790,0.149110184258449,9.209581153568033,0.147416154262902,-0.983765434970222,0.306206563176631,1
25.569993019104004,-13.496821707891678,9.533326550760043,1.798837692399437,1.031828711062281,-4.188090182890336,0.194904653211701,2.117196685695577,3.380620568077346,-0.517744039618850,0.688106172563784,8.786398737181386,-0.081003614289647,-0.980758559853096,0.293941175723925,1
25.580002546310425,-13.486387649530778,9.491577540280090,1.800762597004171,1.053060869936326,-4.153820443456143,0.189716948251355,2.125886439307632,3.466170398151857,-0.518973063997596,1.043040560448706,8.309013818377627,-0.164299708537788,-0.977895409394167,0.278189477562191,1
25.590134859085083,-13.475608386231874,9.449669077205995,1.802658196513970,1.074660298549556,-4.118281774774410,0.184448697463555,2.138141166815892,3.547943478032440,-0.521057245723019,1.370564581316591,7.833162331868926,-0.246745841953192,-0.975156664134349,0.262439557708854,1
25.600025653839111,-13.464874846460289,9.409112732727705,1.804456925311499,1.095879060602698,-4.082815869999959,0.179281921742618,2.153149871759029,3.623143846543155,-0.523886695336312,1.659377732487902,7.374572656325308,-0.325028463497202,-0.972636295967535,0.247255389936561,1
25.610070466995239,-13.453757230373547,9.368282726844534,1.806231415355983,1.117596855561518,-4.046055153674259,0.174001497793892,2.171162049691724,3.694906123362549,-0.527540515586335,1.921487717318425,6.913535557285043,-0.401962002208792,-0.970229147018846,0.232024664211074,1
25.620008707046509,-13.442541652642275,9.328251819061290,1.807934723915816,1.139275252513080,-4.008996744097913,0.168737097824945,2.191420654258909,3.761369536594994,-0.531902135526268,2.149903164642801,6.460978030435579,-0.475193592863975,-0.967997109917441,0.217145325337305,1
25.632956027984619,-13.427608560151418,9.276670209297682,1.810074384782274,1.167832161947711,-3.959778350244417,0.161808889489442,2.220936953004697,3.841216058337799,-0.538646242365655,2.401497334530612,5.875220254698474,-0.565764586684774,-0.965309976513981,0.198048839075782,1
25.640040397644043,-13.419279049205180,9.248713473822276,1.811207191648305,1.183626340290871,-3.932419929423757,0.157981988142319,2.237671359168359,3.881774180024654,-0.541116105616040,2.309871123076763,5.577569218254142,-0.102607505768570,-0.963961878166113,0.182210652711929,1
25.650192975997925,-13.407146469818214,9.208990283894419,1.812783240670574,1.206460977880918,-3.892729495387952,0.152494815580198,2.260374021392890,3.936332221399454,-0.538676026238367,2.163330598964470,5.174114145830956,0.576761556942123,-0.962228491285982,0.159321957296459,1
25.660101652145386,-13.395080436723363,9.170611631097858,1.814267972718100,1.228962754203604,-3.853476866339350,0.147195822367504,2.281121088639248,3.985744263725377,-0.529831691256282,2.024862337048101,4.802597220297013,1.202192169096860,-0.960758899719764,0.137360322953488,1
25.670001029968262,-13.382802077488986,9.132659757312206,1.815699411089091,1.251641980021967,-3.813790012953550,0.142019354887298,2.300495328802275,4.031532640640223,-0.514989695299819,1.889702000781494,4.451010290181502,1.790194720370154,-0.959506151981937,0.115791912162092,1
25.680049419403076,-13.370113804075190,9.094556873017730,1.817100249375876,1.274841975038271,-3.773077186113432,0.136946491930205,2.318796215574841,4.074523455730643,-0.494168251152764,1.754550493272517,4.111984048219004,2.349476458854779,-0.958451412016386,0.094288845036294,1
25.689993858337402,-13.357315398899543,9.057220959255133,1.818438676174114,1.297996244462563,-3.732341717800264,0.132154988570699,2.335590015327367,4.113827749321926,-0.468190121260614,1.621474841416851,3.791573383538608,2.866741302451660,-0.957617717976821,0.073367907841956,1
25.699990510940552,-13.344223760780451,9.020118847737381,1.819736796445390,1.321421435369175,-3.691035919186293,0.127626409633612,2.351129065681246,4.150175538415552,-0.437088622391838,1.487457900563443,3.483002369258643,3.350037003048176,-0.956987815709063,0.052727035171950,1
25.712949514389038,-13.326901616636674,8.972636447720969,1.821355008377189,1.351977684154020,-3.636960622312992,0.122177708316894,2.361877143481139,4.195447457800761,-0.408856820092290,0.184752230278322,3.493759381582266,1.036111645186781,-0.956370938821615,0.042592674587368,1
25.720033645629883,-13.317264436734837,8.946976362187179,1.822210344364093,1.368709085806824,-3.607151003609675,0.119297340228759,2.360805497440355,4.220126647752211,-0.405675525797961,-0.481595772930021,3.469917363999874,-0.125000369925736,-0.956088423659612,0.037173280163424,1
25.730005979537964,-13.303498605352985,8.911216759393296,1.823379705944896,1.392211883795554,-3.564896955264600,0.115220231623631,2.351556122065700,4.254418913242203,-0.414548004136589,-1.362552530072449,3.401191692273594,-1.629634576107591,-0.955755418513260,0.029632824798473,1
25.739997386932373,-13.289470659682936,8.875809658997367,1.824509950076713,1.415626466901944,-3.522219149540208,0.110973520444226,2.333801954839298,4.287895110390235,-0.437750499746844,-2.180561738935576,3.293134252408459,-2.990680895321578,-0.955496649442633,0.022180206344759,1
25.750146627426147,-13.274983341334845,8.840283219412340,1.825613124416881,1.439187038842189,-3.478533037990455,0.106354782461311,2.307725428317402,4.320600084237843,-0.474508489690984,-2.947512480697192,3.145508141678846,-4.229140969703264,-0.955309506412785,0.014715753152271,1
25.760048151016235,-13.260620577453990,8.806052740753708,1.826642209094107,1.461881063689218,-3.435601104367444,0.101431029492301,2.275084621221404,4.350888430567628,-0.521808702546537,-3.635912344798451,2.966892421066850,-5.303422582262334,-0.955199426895857,0.007535982560807,1
25.771740913391113,-13.243373353072204,8.766180889826742,1.827791011860644,1.488216372419588,-3.384532380886318,0.094941639318127,2.228391153768619,4.383697872006633,-0.589968336957925,-4.216321150011889,2.388487063444658,-6.058513810335870,-0.955160866112381,-0.001257462420162,1
25.780113458633423,-13.230836939464469,8.738000784540807,1.828564566457211,1.506723563038825,-3.347763815702515,0.089794153020052,2.193007453575329,4.398815045725610,-0.639332586334354,-4.236690973043212,1.231055991600853,-5.735981518197789,-0.955201708243609,-0.008480616383442,1
25.790035247802734,-13.215778472781588,8.704997699128755,1.829423197262749,1.528275779624968,-3.304075624894599,0.083173830619069,2.150855569594201,4.404474366465113,-0.694392123699414,-4.258735611119540,-0.079424122671858,-5.363087776569180,-0.955327732546875,-0.016892848211223,1
25.799992084503174,-13.200456134914079,8.672318596434449,1.830216039635214,1.549479555501576,-3.260246892241943,0.076000271621937,2.108352621861232,4.397409384867812,-0.745969643799848,-4.278513627139117,-1.328954743121600,-4.999062880331928,-0.955537272385581,-0.025170589296677,1
25.812953948974609,-13.180195306285830,8.630426206847828,1.831136754525662,1.576449139232621,-3.203400405018423,0.065923558558669,2.052744021711863,4.370142496149334,-0.807777697415809,-4.300667831816678,-2.860333380376537,-4.540123615156298,-0.955932109444404,-0.035702807862758,1
25.820023298263550,-13.168999796417502,8.607889270733995,1.831582342827950,1.590853150592358,-3.172584466419187,0.060101684252118,2.022303827464308,4.347108185103597,-0.839010729472464,-4.311005171349859,-3.651202607325419,-4.296882391970870,-0.956204444229006,-0.041330108766191,1
25.829996109008789,-13.153035434227792,8.576466705279030,1.832139281890358,1.610805663588164,-3.129433085256255,0.051526721256252,1.979248858551394,4.305342715258788,-0.880183324161019,-4.323460799404236,-4.715077130525461,-3.962100159561027,-0.956655620980098,-0.049128283034151,1
25.840053081512451,-13.136736242116767,8.545210977860059,1.832612318365213,1.630494499163367,-3.086383407417162,0.042481995889144,1.936804172760568,4.255834230004140,-0.917441875396439,-4.007337642759864,-4.809188781769284,-3.354108243712131,-0.957222941580814,-0.067240594645091,1
25.849998950958252,-13.120425580439651,8.514726109563734,1.832988917787170,1.649565564759093,-3.044290307124732,0.033203888789544,1.899167605247680,4.209794782414741,-0.947237961553232,-3.570542613803477,-4.458195134748280,-2.645189205652386,-0.958005944050385,-0.090143674630612,1
25.859995365142822,-13.103839538422008,8.484500153338336,1.833273125833541,1.668380894878835,-3.002420009259127,0.023612913356198,1.865441799635872,4.166771800742914,-0.970300563838167,-3.184974609627820,-4.156876531696317,-1.975506500424133,-0.959020246316617,-0.112684655561917,1
25.869999170303345,-13.087056554781851,8.454672343246900,1.833460489959008,1.686888830113798,-2.960940031236794,0.013818016392070,1.835294960341498,4.126488557810063,-0.986886172481964,-2.850447481435132,-3.904746388308630,-1.347213593535811,-0.960258319488015,-0.134754999271960,1
25.880049705505371,-13.070011820417964,8.425123859257305,1.833549317992545,1.705193868260487,-2.919664065417261,0.003842299999124,1.808130750897975,4.088320796842598,-0.997424874221552,-2.563612625813951,-3.698872037241822,-0.756831746884580,-0.961721914276208,-0.156438238502168,1
25.890040636062622,-13.052886341549787,8.396158508947561,1.833537825698121,1.723134136540288,-2.879001636068244,-0.006150925644344,1.783748679641293,4.052202057597245,-1.002218144098342,-2.324999239646185,-3.539041975093324,-0.209150153807882,-0.963390459003279,-0.177509000791925,1
25.900034189224243,-13.035575754394905,8.367586111517795,1.833426281242238,1.740849121637004,-2.838676505633286,-0.016169401246331,1.761519722594970,4.017452170239517,-1.001728685828234,-2.131605241075515,-3.424096624449446,0.300196768281276,-0.965267897803369,-0.198076973207318,1
25.910056829452515,-13.018039749780941,8.339336240936380,1.833213964387406,1.758390222303223,-2.798601277645638,-0.026191761270327,1.738098201062525,3.977684625895177,-0.997965675366645,-2.537186642843554,-4.503767993512117,0.449694411944000,-0.967287243228795,-0.204846263763458,1
25.920000314712524,-13.000470575154731,8.311705568182433,1.832904287914429,1.775540456136484,-2.759290837378821,-0.036089943297524,1.710989585890453,3.927768514842896,-0.992781749567009,-2.910981553883848,-5.529013249181510,0.592052211505603,-0.969356592941645,-0.211362894753623,1
25.929999589920044,-12.982631847691016,8.284310705355635,1.832493898156310,1.792497263377807,-2.720309931936375,-0.045984895857808,1.680117764450058,3.867523097448556,-0.986170649312282,-3.259509803420861,-6.513391088228982,0.729316902743890,-0.971501950117938,-0.217716486169759,1
25.939999103546143,-12.964623012096476,8.257299243127086,1.831984854994094,1.809130362571832,-2.681975319120768,-0.055808145452209,1.645888645997854,3.797661904813810,-0.978215212710187,-3.581896734978272,-7.450612983818828,0.860769699632795,-0.973710102450445,-0.223870477530934,1
25.949997663497925,-12.946453522808506,8.230673162592725,1.831378137190400,1.825402012070565,-2.644393383882301,-0.065543282798757,1.608569707871933,3.718684209252696,-0.968976120457150,-3.879263251756778,-8.339987869110830,0.986453573374219,-0.975978301087113,-0.229822843427175,1
25.960088491439819,-12.927951168376946,8.204175041012402,1.830667538648719,1.841432646383056,-2.607305410013473,-0.075269437166846,1.568009235717592,3.630195382035723,-0.958405299149533,-4.155305514257670,-9.189081209016495,1.107580217023125,-0.978327030067949,-0.235627750284952,1
25.970003604888916,-12.909617650454656,8.178501454346069,1.829874348488632,1.856770554465649,-2.571778046755081,-0.084715354851882,1.525619008516660,3.535167567599078,-0.946853714599565,-4.367609650901324,-9.965331425278276,1.223083550994018,-0.980688847412770,-0.240023554252269,1
25.980043888092041,-12.890907473018803,8.152868039476129,1.828976695247806,1.871859244047268,-2.536814044382146,-0.094154189703314,1.481164791294614,3.431521431373808,-0.933994667013910,-4.489081350412927,-10.682191459630381,1.338624238166257,-0.983107733729251,-0.242010020792800,1
25.990011692047119,-12.872168214889932,8.127739513853486,1.827991567031492,1.886404538008614,-2.503136946864842,-0.103399681756362,1.435857723544329,3.321638463500151,-0.920096386925230,-4.595334185881549,-11.348301907958698,1.447899085485782,-0.985530423692868,-0.243863900894631,1
25.999995231628418,-12.853264429903867,8.102912974292272,1.826913663228441,1.900508876326579,-2.470551299811988,-0.112511594063457,1.389506966290754,3.205201679910505,-0.905117734133477,-4.687832848405190,-11.969994203411307,1.551874281791793,-0.987973815032034,-0.245600098227487,1
26.016967296600342,-12.820811217415825,8.061432562859386,1.824874956743421,1.923410906537591,-2.417921647686276,-0.127642345714717,1.308811652274268,2.993748298664335,-0.877359916072996,-4.814749829374292,-12.925834406753273,1.716461934855239,-0.992165535626887,-0.248276623886690,1
26.019991636276245,-12.814988206109881,8.054133578065665,1.824484918435233,1.927347149136747,-2.408926891036944,-0.130287887717810,1.294221549853119,2.954417423451539,-0.872126673952662,-4.833515948246855,-13.083077284066292,1.744209581641400,-0.992917077436002,-0.248717177782567,1
26.032710313796997,-12.790371883194169,8.023729633003796,1.822757897001878,1.943415058773633,-2.372425945527189,-0.141236046353580,1.232300574052645,2.784009606348012,-0.849224414862327,-4.900265019961021,-13.702087900287093,1.855777647612199,-0.996091653571817,-0.250449487364600,1
26.040031671524048,-12.776110740315330,8.006433980988728,1.821701225546453,1.952305551735019,-2.352404973027515,-0.147399655105764,1.196306146907326,2.686282719621867,-0.833801622488996,-4.932475895740846,-12.892007379057935,2.398437000572586,-0.997958590736706,-0.260361393469192,1
26.050055980682373,-12.756481417642776,7.982986156323754,1.820182225406657,1.964048850920706,-2.326104537403680,-0.155624188706695,1.146639158017693,2.563207980499769,-0.805875050208544,-4.977191072210907,-11.674158683083437,3.164702381999767,-1.000641769974660,-0.274934398431942,1
26.060076475143433,-12.736746301077156,7.959806959489544,1.818583091228407,1.975286797960640,-2.300989349160128,-0.163527486757527,1.096544515745124,2.452083254165708,-0.770547008043649,-5.022528027155691,-10.518029112211433,3.878777214059264,-1.003468104280345,-0.289192079431917,1
26.070107698440552,-12.716874593826509,7.936843612810638,1.816904378598681,1.986034512560098,-2.276899121736323,-0.171051553507342,1.045925478496376,2.352116548396355,-0.728257415470918,-5.068392172210886,-9.420069864117611,4.543309370396852,-1.006439793533368,-0.303159824926414,1
26.080031633377075,-12.697115116207407,7.914362683085123,1.815171820982146,1.996163644095631,-2.254004157936604,-0.178044656988906,0.995401928266815,2.263785623003361,-0.680110102233831,-5.114047083964939,-8.391324099414373,5.152297531489146,-1.009515553903772,-0.316671754188066,1
26.089996099472046,-12.677176317644250,7.892014310755004,1.813364854211400,2.005827418927731,-2.231847455058610,-0.184556120789790,0.944215437066229,2.185086423032667,-0.625920587632186,-5.160010484953106,-7.414229030770499,5.716778535284114,-1.012737273336069,-0.329934552066832,1
26.100043058395386,-12.656975149180449,7.869697992813025,1.811479843039613,2.015053554669448,-2.210250289021391,-0.190547739828846,0.892135349816666,2.115307488863954,-0.565813479151387,-5.206752355715857,-6.486714719109334,6.238612737572279,-1.016118326348423,-0.342980744705838,1
26.110153675079346,-12.636557992126709,7.847459009149758,1.809525526908746,2.023801485734292,-2.189209523459984,-0.195952929258986,0.837854022519164,2.045660954809778,-0.503799572343322,-5.525378186162828,-7.282594163468847,6.029718201938596,-1.019586602131265,-0.343092744605947,1
26.119989156723022,-12.616612807281200,7.826024322859888,1.807574767899350,2.031770523709141,-2.169453148809196,-0.200619729563605,0.782120114430346,1.970417767474796,-0.445476731563453,-5.802251237900759,-8.009692734985510,5.830296249372070,-1.022961110875678,-0.343057819026895,1
26.130161523818970,-12.595904969142467,7.804055846300511,1.805511907120908,2.039421996890495,-2.149835643236075,-0.204853230685659,0.721779372880099,1.885317455041132,-0.387200053473600,-6.055660739514235,-8.713466660742512,5.627928772704868,-1.026450088406422,-0.342872417438753,1
26.140018701553345,-12.575767934153010,7.782954709893667,1.803474712121687,2.046238908612227,-2.131685531060972,-0.208399644624851,0.661004213352536,1.796256330377286,-0.332675702593582,-6.270567815419506,-9.349344239470412,5.435548145390712,-1.029828360716260,-0.342547958611867,1
26.150063991546631,-12.555180099021062,7.761629829191908,1.801365352161634,2.052559348170307,-2.114123240785596,-0.211470540854571,0.597037705816564,1.699274468847669,-0.279042004256220,-6.459858444726603,-9.951457601077252,5.243194026824921,-1.033267162540242,-0.342070663255965,1
26.159991741180420,-12.534775423319640,7.740724437815408,1.799253123808181,2.058165270583573,-2.097753660470001,-0.213985384104434,0.532097795321431,1.597715928747826,-0.227919919162110,-6.618701418812013,-10.501697254601899,5.056722018986208,-1.036660047872552,-0.341453565670389,1
26.170010805130005,-12.514129926616800,7.719786311056629,1.797098693902266,2.063161581842039,-2.082282560368323,-0.216018159474445,0.465051200453402,1.489920833929397,-0.178198915514731,-6.780754877036837,-11.004576374393348,4.864477238012328,-1.040078065236736,-0.341213457040926,1
26.180027484893799,-12.493441218848037,7.699001142730197,1.794926723826488,2.067476437025027,-2.067917869756672,-0.217562544587607,0.396142105698389,1.377418072363966,-0.130496931929393,-6.972576673070797,-11.451987069832425,4.660518240749664,-1.043499552810715,-0.341898816511616,1
26.189992904663086,-12.472819435001547,7.678459962262380,1.792752902422980,2.071075158617220,-2.054766892554357,-0.218634890144120,0.325833239395331,1.261223826282762,-0.085046386683309,-7.133054658169199,-11.861637379997902,4.461833919952803,-1.046909386017426,-0.342405077303361,1
26.201024770736694,-12.449953388708295,7.655866117822338,1.790336762728780,2.074232558471553,-2.041583620301417,-0.219305991506079,0.246316669321105,1.128052251691387,-0.037015012196765,-7.276969644445038,-12.274332972411973,4.246769646083712,-1.050688915053049,-0.342761278970760,1
26.209998607635498,-12.431330525562792,7.637589212498193,1.788367762436039,2.076148648470349,-2.031959067630240,-0.219469471404032,0.180584828951434,1.016517499566154,0.000324198208431,-7.369043681589578,-12.578785366244562,4.075584010126023,-1.053765494916778,-0.342892740227098,1
26.220627307891846,-12.409255042824439,7.616047012166934,1.786035911127365,2.077650122102599,-2.021871612744760,-0.219239575736995,0.101802983910322,0.881061169776199,0.042583716021366,-7.450427266144837,-12.903566725007330,3.877159068386556,-1.057410026727622,-0.342864742350122,1
26.229990482330322,-12.389798200980925,7.597152722115577,1.783985523923531,2.078275955398241,-2.014191529254752,-0.218673414399996,0.031801953433093,0.759029042288207,0.078083161317973,-7.498368664539228,-13.157909080145755,3.706221252991502,-1.060619561612311,-0.342675034836771,1
26.239995002746582,-12.369005707532326,7.577037481346596,1.781802319982648,2.078218641514301,-2.007260369308367,-0.217709764433281,-0.043219081668555,0.626192793027036,0.114258008176776,-7.479361661436044,-13.389008263746264,3.525533279053631,-1.064038379525932,-0.339956943789474,1
26.250028133392334,-12.348158100239749,7.556927630908575,1.779624346216196,2.077409557895812,-2.001654991535222,-0.216388947168695,-0.117956454664231,0.490855281726412,0.148736816483201,-7.415482133431195,-13.583704492724737,3.348322031019412,-1.067428961267897,-0.335902363078937,1
26.259993553161621,-12.327463413959256,7.537002900632928,1.777475921392944,2.075867190937652,-1.997440797762656,-0.214743355303907,-0.191457935869976,0.354659995609656,0.181247618620779,-7.333122422387172,-13.745307832903483,3.177392663009825,-1.070755784063223,-0.331769423708903,1
26.270027160644531,-12.306644856493859,7.516975945018345,1.775330820623981,2.073578545978541,-1.994576403718254,-0.212767571823137,-0.264547391801941,0.216053036313127,0.212287345924025,-7.232188189345974,-13.876746658025375,3.010295302189563,-1.074063462748505,-0.327501352637111,1
26.279989004135132,-12.286002011506554,7.497114241317078,1.773222236008010,2.070586099825523,-1.993114431423029,-0.210506055697115,-0.336025417198715,0.077288075943516,0.241470105021926,-7.115110721050413,-13.976900675242403,2.849273325455012,-1.077304511795049,-0.323158134305550,1
26.290044307708740,-12.265200320240538,7.477074881357586,1.771118266765652,2.066849853776177,-1.993045181699071,-0.207936698680305,-0.406906631103451,-0.063633205446529,0.269322878127296,-6.980892600907861,-14.048057380508901,2.691574720635755,-1.080531401069761,-0.318667504312061,1
26.300047159194946,-12.244548426954662,7.457134168478187,1.769052321054971,2.062433027060297,-1.994385215876887,-0.205110744303342,-0.476001335205602,-0.204379457036944,0.295480157968327,-6.832348499481778,-14.089732039648155,2.539414337194255,-1.083696047839167,-0.314093878840530,1
26.310041189193726,-12.223961303974658,7.437189673115958,1.767017611444889,2.057340491428738,-1.997130852666408,-0.202033067857769,-0.542419498315517,-0.344977111156480,0.320216054381915,-6.434984198841400,-14.036176444355792,2.413468656202156,-1.086796777708242,-0.306077497680076,1
26.320027828216553,-12.203442997225794,7.417225041382237,1.765016296394323,2.051609526817103,-2.001274804809671,-0.198716767068933,-0.604578290496021,-0.484768320692662,0.343715056945079,-6.013716234197570,-13.955668582183092,2.292975435557298,-1.089811639079938,-0.297688146855574,1
26.330066204071045,-12.182879627196469,7.397108719037445,1.763039202264851,2.045244607521762,-2.006842644356722,-0.195152894424818,-0.662837231761597,-0.624375644064338,0.366136658424959,-5.594238732488158,-13.855934288409571,2.174666278977031,-1.092757646937814,-0.289262045114012,1
26.340091943740845,-12.162408772023914,7.376954934954259,1.761101411716357,2.038324982827235,-2.013796937475543,-0.191374754555042,-0.716842193751174,-0.762714708976546,0.387358516024338,-5.179825539214605,-13.737780657478059,2.059263627729897,-1.095615554332484,-0.280853064146427,1
26.350099802017212,-12.142045766943195,7.356760173228851,1.759205853282061,2.030898189477224,-2.022116064457638,-0.187396792285600,-0.766633204551091,-0.899537540458705,0.407402642221500,-4.771208010607163,-13.601643075199430,1.946764017143040,-1.098384381137505,-0.272465373857274,1
26.359989404678345,-12.121999233827196,7.336716072756309,1.757372805746045,2.023089685196451,-2.031674874006143,-0.183274321276313,-0.811844355666194,-1.033314631923167,0.426116422051019,-4.372909225484648,-13.449562203998523,1.838199728532961,-1.101037997313268,-0.264183364637707,1
26.369993686676025,-12.101801974910119,7.316337650900013,1.755560989403541,2.014756007043155,-2.042682135956940,-0.178921344077134,-0.853580352520704,-1.166998809568536,0.443977078334276,-3.964001640258509,-13.265775822312067,1.737303011447395,-1.103639424588022,-0.256102121275078,1
26.380664587020874,-12.080351613584318,7.294470786569608,1.753677320684570,2.005430315126851,-2.055886218497547,-0.174086417162253,-0.893444960648779,-1.307310395059418,0.462031030110833,-3.509069859766720,-13.030335528595078,1.646905970094544,-1.106329879798688,-0.248150034606521,1
26.390053033828735,-12.061565011836175,7.275111282897361,1.752063627827452,1.996894055241717,-2.068729960374953,-0.169677563371413,-0.924540614151164,-1.428637552807479,0.477128328180022,-3.116979101864382,-12.816629725903777,1.569860261365941,-1.108626672027179,-0.241170286123950,1
26.399991035461426,-12.041764602614149,7.254478114836793,1.750401069070778,1.987558090676155,-2.083557974628165,-0.164859299262754,-0.953492509500415,-1.554864951325393,0.492335352865287,-2.710645223137777,-12.583265127340514,1.490701597364753,-1.110986941608706,-0.233797149994859,1
26.412793636322021,-12.016397263688155,7.227670851747430,1.748331264637068,1.975142551475161,-2.104487505362427,-0.158436553465676,-0.984918267642764,-1.713983278522647,0.510785935038289,-2.201239460657274,-12.271271743698099,1.392195073845084,-1.113919537044542,-0.224323895593142,1
26.419990777969360,-12.002207993406159,7.212479910995100,1.747204325932781,1.967999603847491,-2.117139119590903,-0.154724888278415,-0.999752833028260,-1.801648790861437,0.520611346433903,-1.922135901247291,-12.090018411024525,1.338450317156462,-1.115514850427298,-0.219010853797799,1
26.429943084716797,-11.982672603441829,7.191319310367444,1.745690527418586,1.957961316876527,-2.135663291776889,-0.149478778418919,-1.016996968354513,-1.920690561880428,0.533568982807346,-1.545142163901570,-11.832159843658060,1.265968698874361,-1.117657909957206,-0.211678469076584,1
26.440113782882690,-11.962810696484603,7.169495691868874,1.744197971062591,1.947543701807444,-2.155806223742046,-0.143987507726786,-1.030860571103721,-2.039605090401495,0.546083413032230,-1.188453064690703,-11.543952839129425,1.195719456332901,-1.119764228758635,-0.201647153128330,1
26.449993133544922,-11.943621175651304,7.148096867324318,1.742802339819190,1.937307123445921,-2.176514299143951,-0.138535411399018,-1.040963285437608,-2.152208385416717,0.557571220682367,-0.857942209700003,-11.251622319080230,1.130265949829116,-1.121702401178809,-0.190749231449244,1
26.460087060928345,-11.924118842158627,7.126015208693253,1.741432537421403,1.926761402255177,-2.198807147122133,-0.132850724243749,-1.047949406418551,-2.264258614614070,0.568650654851197,-0.527524887464121,-10.948600826028372,1.065256281391181,-1.123572137529059,-0.179728931828613,1
26.472946166992188,-11.899430118244622,7.097550526627534,1.739771641092610,1.913253970113212,-2.228816779661744,-0.125452819574793,-1.052086576598609,-2.402524600714589,0.581829562366853,-0.118208493514252,-10.555588356837973,0.985028109745464,-1.125793827050048,-0.165858664670864,1
26.479990959167480,-11.885975934836909,7.081786604190954,1.738902230951667,1.905840117239961,-2.246004554474701,-0.121329302434449,-1.052147537640494,-2.476126847088006,0.588618590533587,0.100186299688884,-10.336648823820781,0.942233839839102,-1.126935899234717,-0.158338494279319,1
26.491454839706421,-11.864198055766581,7.055875023628244,1.737550318815114,1.893793398575215,-2.275060056940270,-0.114521462886173,-1.049005329268471,-2.592549665151165,0.599028147836386,0.446041568522960,-9.974629582568930,0.874277914985822,-1.128681383189972,-0.146224325668776,1
26.500047445297241,-11.847965455814657,7.036231218206002,1.736588564366682,1.884800035356728,-2.297699739782941,-0.109343022975201,-1.044088904015472,-2.677066744257711,0.606325813488128,0.697212677452326,-9.698330794239112,0.824634722288195,-1.129899081575417,-0.137242654891944,1
26.510168313980103,-11.828941650442630,7.012836069552172,1.735513032468281,1.874269787556669,-2.325286280844449,-0.103166884247107,-1.036472897771880,-2.773338229366671,0.613760796854178,0.809636066664508,-9.326427770262487,0.645145324893909,-1.131237397814672,-0.127225225658599,1
26.520031690597534,-11.810505304698342,6.989764514112165,1.734525410178403,1.864087970202144,-2.353088667185594,-0.097084526612009,-1.027898056412815,-2.863579863659388,0.619281191966274,0.930883405871122,-8.973207743928482,0.475066557962026,-1.132444583607071,-0.117574353308978,1
26.530080318450928,-11.791827721323832,6.965975964387048,1.733581291292450,1.853809425563903,-2.382307265804501,-0.090841208763838,-1.017881830161109,-2.951959580524085,0.623205850430077,1.064415890517976,-8.620228111962179,0.307048821219407,-1.133576983822674,-0.107855253260499,1
26.540485858917236,-11.772590094561439,6.941021903406198,1.732669707330194,1.843276614889998,-2.413488499552049,-0.084341961254532,-1.006047246223011,-3.039788997283665,0.625520235326338,1.211197946396776,-8.259320718721206,0.138699065357167,-1.134647561754917,-0.097907399394800,1
26.549988031387329,-11.755118891148461,6.917948369706144,1.731896473376746,1.833773035169754,-2.442743269018908,-0.078393705078116,-0.993877014222913,-3.116719713329704,0.626128343289106,1.350947714956958,-7.931876401771260,-0.009892352994902,-1.135535227015505,-0.088929541953467,1
26.559973239898682,-11.736860645594492,6.893404520994344,1.731145022198160,1.823920443164806,-2.474248744730231,-0.072145748186938,-0.979639057208614,-3.194192435680642,0.625272460225647,1.501908433014939,-7.588104446901683,-0.160646887200400,-1.136376426770769,-0.079606373799699,1
26.570110797882080,-11.718419753022678,6.868155049266512,1.730445704317924,1.814068166463853,-2.507015605382882,-0.065817604897211,-0.964067809615124,-3.269407744506918,0.622817138586337,1.399652423101557,-7.273560203195744,-0.351449448147497,-1.137132634199348,-0.068305953349516,1
26.580108642578125,-11.700329664032814,6.842923878686637,1.729818685362913,1.804489291783863,-2.540064415401760,-0.059612296499858,-0.952911905163926,-3.340886241906119,0.617989447479321,0.842214105764760,-7.021538911773633,-0.611797135218671,-1.137741677350075,-0.053549072835277,1
26.589981794357300,-11.682561281129813,6.817683328607765,1.729260174900382,1.795114566144313,-2.573385049060647,-0.053545052203210,-0.947066957591912,-3.408914104895011,0.610738826151751,0.351570107717687,-6.757340206969531,-0.854765627952605,-1.138199112425307,-0.039148191084964,1
26.599993944168091,-11.664635753939981,6.791746233154129,1.728754532128091,1.785642429331590,-2.607849631408003,-0.047477028291228,-0.945794764816226,-3.475165653687154,0.601005222223481,-0.087894039441734,-6.474427871109665,-1.087300163811715,-1.138518675942430,-0.024715884814111,1
26.609994173049927,-11.646825397198176,6.765491046524624,1.728309592304285,1.776172806042939,-2.642922615276035,-0.041524626427691,-0.948634604827315,-3.538441020317846,0.589026546005234,-0.470924348454505,-6.177398436034877,-1.306049290299237,-1.138694490265164,-0.010473363265822,1
26.620025396347046,-11.629055612148031,6.738799606064500,1.727922447964995,1.766627155517002,-2.678723994684468,-0.035685057107921,-0.955060441472634,-3.598856702609866,0.574879531646587,-0.801457742868723,-5.865576709153080,-1.512319151516023,-1.138728624069460,0.003638970523317,1
26.630117893218994,-11.611283101377985,6.711593262036561,1.727591450088947,1.756947010955537,-2.715321241523948,-0.029966130719655,-0.964603470095660,-3.656388929712162,0.558631647952749,-1.082107232913319,-5.538617160897140,-1.706882136462718,-1.138621073369664,0.017654735890921,1
26.640030622482300,-11.593906617959268,6.684484024788995,1.727321455068411,1.747327003956706,-2.751848970818413,-0.024512664347994,-0.974992123757275,-3.709416200331118,0.540938404190691,-0.858425453875648,-5.129880756431178,-1.846488284644086,-1.138401093700357,0.024415232751880,1
26.649997472763062,-11.576539407055623,6.656871021664330,1.727103694876372,1.737573977873708,-2.789068559058835,-0.019214704480768,-0.981312774737010,-3.758355082117903,0.521963976830191,-0.412239758103251,-4.692721543429138,-1.959878333069888,-1.138141177136625,0.027733243155149,1
26.660005331039429,-11.559199618228023,6.628770113515408,1.726937207442180,1.727740026538783,-2.826908598352273,-0.014091051751583,-0.983256961116404,-3.803182455872102,0.501807028517387,0.021224461025025,-4.268224199641427,-2.067378958883398,-1.137847126361899,0.031025594952935,1
26.670003414154053,-11.541974652712392,6.600315666473902,1.726821056017342,1.717917429739239,-2.865139562829527,-0.009178982300562,-0.980942561239937,-3.843791590953918,0.480626881389385,0.439187537211523,-3.857233734293116,-2.168398378085223,-1.137520650177703,0.034275634634499,1
26.679996013641357,-11.524856261986578,6.571491559794385,1.726752963163157,1.708143484276923,-2.903736773127152,-0.004485911796835,-0.974531051962800,-3.880334389060018,0.458480008879207,0.841367984217438,-3.458252933250439,-2.262979729401796,-1.137162063252249,0.037484920184081,1
26.690116405487061,-11.507621759409364,6.541910221013889,1.726730648322402,1.698332289442443,-2.943171090340490,0.000035917672795,-0.964025732340307,-3.913329418917688,0.435124441083633,1.232266395205254,-3.065033367625551,-2.352234649241888,-1.136766490478029,0.040694699620079,1
26.699988365173340,-11.490900640638140,6.512660635633492,1.726751830095461,1.688880375534622,-2.981951256636783,0.004215982878848,-0.950043432005776,-3.941735760302481,0.411496617130136,1.597411634615268,-2.690668416774632,-2.433003128366348,-1.136349404186378,0.043787922539081,1
26.710024118423462,-11.473999053045006,6.482535566241705,1.726814450388892,1.679416134050465,-3.021641254829893,0.008222100859943,-0.937075567507177,-3.967604787894178,0.386771884014777,0.995597333713525,-2.463217603798987,-2.493260889443919,-1.135864937151682,0.052770084557082,1
26.719988107681274,-11.457311345905522,6.452229884855047,1.726915164364437,1.670119322701545,-3.061293768223050,0.011951295172590,-0.929834240233556,-3.990973843864327,0.361655055922260,0.470277210508274,-2.225287694942285,-2.547179784883671,-1.135294986003834,0.061612265493106,1
26.729989767074585,-11.440654621801269,6.421413370433845,1.727052351710326,1.660835528154480,-3.101315380786499,0.015440053883368,-0.927462503917234,-4.011983602949626,0.335933521101934,0.015834988625833,-1.974153103411138,-2.595573231882573,-1.134634840468365,0.070383990111840,1
26.740022897720337,-11.424037149825201,6.390093718052553,1.727223742066655,1.651523759649631,-3.141665043858514,0.018679283088813,-0.929299749996868,-4.030477636104300,0.309670609997086,-0.370826624508184,-1.710325926500742,-2.638484641068156,-1.133884920862274,0.079080209116344,1
26.749996423721313,-11.407611929260844,6.358559510158897,1.727425004170989,1.642231363370054,-3.181943692606191,0.021635925534098,-0.934643749000816,-4.046180808503943,0.283165715555436,-0.690363014859219,-1.436818741536950,-2.675666313757740,-1.133053535067616,0.087621175499874,1
26.760090589523315,-11.391083109646635,6.326234840136277,1.727657361059121,1.632757270206112,-3.222853904748059,0.024357301637318,-0.942982793865629,-4.059240965064222,0.255990670193632,-0.951871684855911,-1.149128734890668,-2.707868756894918,-1.132125906945126,0.096160509387009,1
26.770056486129761,-11.374857826216093,6.293913675774370,1.727912374347793,1.623308985605747,-3.263360962781738,0.026773652998049,-0.953122957602507,-4.069123831721463,0.228914784352155,-0.916561641581304,-0.788087694053633,-2.705686483944983,-1.131129096730099,0.102602867893823,1
26.779998540878296,-11.358766803198273,6.261269523636475,1.728189418522832,1.613796700008051,-3.303845367539335,0.028916730534437,-0.959661630911604,-4.074537233302577,0.202321106132494,-0.402125535492712,-0.304316241276110,-2.644363684465520,-1.130096182605473,0.105187971721729,1
26.790414810180664,-11.342009556602271,6.226635503302440,1.728501096322733,1.603788481459834,-3.346293500562981,0.030881821872652,-0.961134885605575,-4.075158195968821,0.175110370438714,0.115569411199619,0.181640445610196,-2.580475163813036,-1.128986601862892,0.107857972651992,1
26.800036668777466,-11.326622207068541,6.194248537002479,1.728805969526398,1.594552846504515,-3.385489942661619,0.032448201671948,-0.957801874856546,-4.071322879943158,0.150563511223961,0.574012796283236,0.612806559175097,-2.521755399924810,-1.127937056966716,0.110289475685675,1
26.810008049011230,-11.310768683100187,6.160285795626327,1.729136618034567,1.585037718019777,-3.426051897183180,0.033825255463205,-0.949793295795964,-4.063053844172818,0.125718601306248,1.028687419026201,1.042878858625654,-2.461175832080817,-1.126824821989235,0.112773969745642,1
26.819993257522583,-11.294990038273093,6.125876070827270,1.729480206737197,1.575613088702433,-3.466560494971293,0.034958819085113,-0.937337706061878,-4.050558371776235,0.101446733032297,1.462740109652663,1.457529823859132,-2.400778005366426,-1.125686562811643,0.115225398477235,1
26.829979181289673,-11.279302187525483,6.091056726385674,1.729833973511486,1.566332565019437,-3.506930647358891,0.035853176743703,-0.920652266487727,-4.033994808773027,0.077772809569914,1.875366915249305,1.857383891107467,-2.340605137106268,-1.124523811628699,0.117641051273991,1
26.840024471282959,-11.263613667863762,6.055624545105731,1.730197668375768,1.557185682984239,-3.547353753217540,0.036517075084573,-0.899714416679579,-4.013284545567369,0.054430833450985,2.301488010804523,2.272388520595240,-2.320927896884860,-1.123323036936260,0.122169686726596,1
26.849992990493774,-11.248135876033210,6.020065380870280,1.730563993102166,1.548338719712168,-3.587238686832737,0.036944308874815,-0.874646464489155,-3.988608664028342,0.031287495285161,2.725492413371836,2.674404079277747,-2.322350751799063,-1.122077405399229,0.127741493312636,1
26.860033512115479,-11.232632623604692,5.983845321287354,1.730936136223641,1.539700755267275,-3.627146984345493,0.037141389633431,-0.845206255762864,-3.959823388266861,0.007967881820911,3.135520474709270,3.055385853402877,-2.322246956756462,-1.120766925965816,0.133270196609030,1
26.869992494583130,-11.217340517847854,5.947527649852641,1.731306030714585,1.531445543597959,-3.666424359032615,0.037105607074299,-0.812031385843302,-3.927601835484416,-0.015150879988717,3.523765456650255,3.412391954132239,-2.320338356021552,-1.119412763579321,0.138670452055517,1
26.879991292953491,-11.202067165240553,5.910670295030266,1.731675915956984,1.523508232162065,-3.705521194390129,0.036838166427527,-0.774929293058617,-3.891764984718737,-0.038334495682790,3.893776894102620,3.752679329099761,-2.316355759423054,-1.117999397369016,0.144009364271868,1
26.890027999877930,-11.186815242746276,5.873285477114130,1.732043311597422,1.515932935859647,-3.744385316592889,0.036336869889351,-0.734074903724044,-3.852455237164075,-0.061552330276579,4.243973643437871,4.078458750149575,-2.310043585658744,-1.116527546912553,0.149284053413489,1
26.900043249130249,-11.171668168312353,5.835590206491070,1.732403777939257,1.508799075413387,-3.782760625009721,0.035604649409073,-0.689910651674603,-3.810035247791436,-0.084647112622747,4.571224909628055,4.390171777309362,-2.301225156465787,-1.115006347771784,0.154464114710773,1
26.910028457641602,-11.156637224388872,5.797632083217100,1.732754675028738,1.502130428353487,-3.820579967755100,0.034646284000039,-0.646717215866342,-3.765275253735671,-0.107169468149744,4.083178581824651,4.574987277853813,-2.209457911463840,-1.113420559770020,0.163206159552804,1
26.919991970062256,-11.141702174925518,5.759379556673113,1.733094193831225,1.495882149945279,-3.857865177890657,0.033470352152329,-0.608228185058047,-3.718765397539143,-0.128725907090637,3.653536844365499,4.761643301207251,-2.117760320148768,-1.111751299885454,0.171847964071276,1
26.929993629455566,-11.126770699580733,5.720609305112036,1.733422165137038,1.489975194412183,-3.894817673113834,0.032078479744281,-0.573581691952371,-3.670189209207213,-0.149450473246114,3.284657521451845,4.952570270575500,-2.026627935856077,-1.109989667741547,0.180399393302179,1
26.939996242523193,-11.111895568004742,5.681469117011024,1.733735215795254,1.484396909810929,-3.931277306951523,0.030483747606000,-0.542328403115795,-3.619682286784310,-0.169270016077029,2.973835227537124,5.146985458987358,-1.936520430338260,-1.108142990646761,0.188827723031795,1
26.949997901916504,-11.097074718659098,5.641966805105302,1.734031338879839,1.479116598513611,-3.967221969886132,0.028695261971384,-0.513911485272893,-3.567213907538100,-0.188193866050189,2.716819614560293,5.344742777393982,-1.847548470180717,-1.106212628964590,0.197132337292360,1
26.959993124008179,-11.082317253669322,5.602140065142778,1.734308424387305,1.474112466964937,-4.002603402901467,0.026723595193719,-0.487833748173703,-3.512796440575829,-0.206219597533944,2.509657942650669,5.545502033274905,-1.759877449094490,-1.104201484433495,0.205306656122957,1
26.969990253448486,-11.067602926101756,5.561947063435510,1.734565012594350,1.469357842636957,-4.037443945443777,0.024575325660052,-0.463389383104327,-3.456212223597491,-0.223339942486377,2.466324282475773,5.823782536044400,-1.648085998392413,-1.102110790580465,0.211942656130215,1
26.980023622512817,-11.052883915367090,5.521266872367254,1.734800063007836,1.464836370695273,-4.071819486895915,0.022254339605860,-0.437589048503174,-3.395648970464162,-0.239067660011515,2.676372839658982,6.246816047096604,-1.487949285249182,-1.099965807854978,0.215637716219745,1
26.990045309066772,-11.038225649417829,5.480291898156692,1.735010835982096,1.460588958242757,-4.105528242725150,0.019786436333941,-0.409730857818877,-3.330993684132827,-0.253197327261975,2.882604781721418,6.653688380845999,-1.332702196645809,-1.097786555332561,0.219270259456289,1
27.000010251998901,-11.023691170536123,5.439217259683137,1.735195217777504,1.456652558538143,-4.138383800124308,0.017199733120937,-0.380005605137225,-3.262751815454563,-0.265726802246810,3.082524883633377,7.039721898090908,-1.182794221041342,-1.095583835871728,0.222824459618290,1
27.009991168975830,-11.009170504760435,5.397750066658544,1.735353464750672,1.453016455213334,-4.170593010125272,0.014490995189473,-0.348265828241821,-3.190644286722986,-0.276800944192827,3.276211665408530,7.405303713178941,-1.036915110371910,-1.093342263665809,0.226326773926556,1
27.019993543624878,-10.994652720165266,5.355872868976682,1.735484403873385,1.449699774050614,-4.202132995385838,0.011672638861307,-0.314554925058160,-3.114832246167672,-0.286459359348579,3.462482909150553,7.748375340560182,-0.894848580875831,-1.091060982775018,0.229778793048250,1
27.029990911483765,-10.980174673585879,5.313708243923740,1.735586640879566,1.446731077320381,-4.232880502634853,0.008766395405567,-0.279045387455179,-3.035758622054426,-0.294712444964202,3.639727698853961,8.066223739556516,-0.756858322522575,-1.088746795613485,0.233170831826984,1
27.040029287338257,-10.965665976648612,5.271067446395667,1.735659667435232,1.444112641195046,-4.262943087829489,0.005772097734732,-0.243295097366431,-2.953904961344792,-0.301699245458623,3.320789553300850,8.179154557260205,-0.643001745025464,-1.086379299441977,0.239564903672753,1
27.049998283386230,-10.951282217312595,5.228427824176109,1.735702113849333,1.441843849405112,-4.291981661378467,0.002734365973508,-0.212728487575600,-2.872242375562182,-0.307618117323584,2.826302050313088,8.207755631626341,-0.545365770697715,-1.083952257768461,0.247368573482933,1
27.060046195983887,-10.936810124906504,5.185174216364121,1.735713973043430,1.439842393254172,-4.320416738323059,-0.000381373358680,-0.186489492154609,-2.789599762142346,-0.312622830472749,2.411841886209271,8.249770014914688,-0.451996128862911,-1.081428607477361,0.255113843901849,1
27.070002317428589,-10.922476882546794,5.142001991087749,1.735694594329757,1.438098614589545,-4.347793544487097,-0.003516328673503,-0.164189791501403,-2.707173547434174,-0.316684537763727,2.077917465756041,8.301675012203971,-0.364355053636947,-1.078849677819605,0.262677851580679,1
27.079993486404419,-10.908116457691882,5.098428713749984,1.735643598767626,1.436557207201940,-4.374426055838642,-0.006697161979621,-0.144802979025834,-2.623937274526600,-0.319906244242288,1.814306425234910,8.361359553400272,-0.281375469891317,-1.076187804270790,0.270147892177580,1
27.090089559555054,-10.893619949180801,5.054131895296258,1.735559634783439,1.435184068674629,-4.400490282192202,-0.009939938082785,-0.127546966218900,-2.539192637193649,-0.322344671318169,1.614788817209979,8.426980380173392,-0.202498547214114,-1.073422766446418,0.277577376876319,1
27.101164340972900,-10.877733407071759,5.005244678047641,1.735429746283702,1.433867188869319,-4.428092378212421,-0.013520495595575,-0.110518250136568,-2.445435177489095,-0.324140571506497,1.522611734687523,8.532562123295151,-0.133128180843614,-1.070304433610492,0.285216894269384,1
27.109975576400757,-10.865104738916987,4.966138008706933,1.735298030851946,1.432957099970069,-4.449302468372748,-0.016381801599540,-0.095568628550495,-2.369003961948414,-0.325439108412081,1.870002992945761,8.812031157519140,-0.161571789011695,-1.067776850385677,0.288553862740180,1
27.123275995254517,-10.846052454308909,4.906751171010154,1.735051278421042,1.431866550946553,-4.480022294345526,-0.020726049697808,-0.067276062060304,-2.249332030145377,-0.327868540872648,2.381338953536447,9.169779480622575,-0.203498858708589,-1.063905830868783,0.293482862717910,1
27.130097389221191,-10.836286564309543,4.876139328882344,1.734902258733118,1.431465027671240,-4.495151292224685,-0.022967467869559,-0.050158356732222,-2.186240954351867,-0.329328315205786,2.636659200874171,9.325168084003367,-0.224429199252213,-1.061895400853183,0.295959833126898,1
27.139989852905273,-10.822127180257047,4.831563593585335,1.734658889793122,1.431103774496680,-4.516320005909999,-0.026236961868428,-0.022278867842022,-2.092999055127411,-0.331695576498222,2.997682820771705,9.518966324126099,-0.253979185767591,-1.058949961741761,0.299490901589922,1
27.150055408477783,-10.807722588338894,4.785998840571470,1.734377945790724,1.431037433819951,-4.536902600945031,-0.029589101943223,0.009693253131471,-1.996342368175533,-0.334398860392969,3.352806022400243,9.680186826163220,-0.282948409929844,-1.055917577506521,0.303009266784992,1
27.159995794296265,-10.793497506125009,4.740806496865107,1.734067273608471,1.431305019443241,-4.556265191807729,-0.032927349970965,0.044707981753479,-1.899471369527803,-0.337348472390062,3.690398199843210,9.806340511889712,-0.310344081045959,-1.052888803979778,0.306409907882322,1
27.170157432556152,-10.778950135384029,4.694411028558489,1.733715205335097,1.431953925262258,-4.575059503971523,-0.036371707952880,0.082360087229297,-1.799919364114011,-0.340508570385466,3.088564921696006,9.530374543559192,-0.258414492244604,-1.049755474337661,0.311251268291411,1
27.180004835128784,-10.764844715682644,4.649272783821710,1.733340495265818,1.432877766822376,-4.592337431257905,-0.039734274870593,0.101715943447626,-1.710709000993029,-0.342131829351500,0.921464229368416,8.619524305598926,-0.078961752806447,-1.046653339031200,0.318767918157943,1
27.189993143081665,-10.750527542007839,4.603319166380986,1.732926543600188,1.433908971343716,-4.609007601007674,-0.043153071045784,0.101875188909062,-1.628460570736742,-0.342199378225127,-0.816030147284422,7.878624728862675,0.058328933326938,-1.043431874507599,0.326256396986468,1
27.199997663497925,-10.736177752548482,4.557130253301550,1.732477728852783,1.434863613584660,-4.624914799238833,-0.046571750299530,0.086776277254536,-1.552651853502033,-0.341098308697447,-2.136101507961576,7.303350719185995,0.155446930451279,-1.040131045778698,0.333619659931433,1
27.210033655166626,-10.721773165142126,4.510636558823508,1.731993174539714,1.435609561685368,-4.640137515161335,-0.049986088982348,0.060294956404715,-1.481614085914616,-0.339201714578815,-3.081265527537988,6.876613452971010,0.216863174721233,-1.036746269522401,0.340868829501605,1
27.219991683959961,-10.707474527741143,4.464356484172584,1.731478618160041,1.436045942144397,-4.654556180169364,-0.053352587082669,0.026346512047916,-1.414686360386745,-0.336870502133495,-3.684650976404789,6.585710002044664,0.246482045317210,-1.033316558844972,0.347925285520103,1
27.230101346969604,-10.692956234863837,4.417230433661220,1.730922082925564,1.436117481959865,-4.668524795661980,-0.056745407745414,-0.012717348549613,-1.349093898377111,-0.334344973734072,-3.996245488398197,6.409498713328339,0.248844183547957,-1.029763609170613,0.354949873769755,1
27.239996433258057,-10.678747679855945,4.370972196921032,1.730344282591296,1.435797923565191,-4.681559888098673,-0.060041408017237,-0.051024383115273,-1.285441759892416,-0.331835025704528,-3.544301917087281,6.535939399033946,0.270100442024643,-1.026216952207203,0.362032950583358,1
27.250030040740967,-10.664344237176152,4.323934549451485,1.729725179096114,1.435120638236168,-4.694124616403119,-0.063356793938581,-0.082661412083930,-1.218611316525137,-0.328949050826937,-2.758456583339958,6.784667052751897,0.303859141902917,-1.022547991896901,0.369260532588001,1
27.259989023208618,-10.650055732764990,4.277124295993503,1.729077916515691,1.434173680780895,-4.705920790657904,-0.066617416339924,-0.106178596924856,-1.149822013118918,-0.325786417461462,-1.961876382683461,7.028611023501124,0.330096463184011,-1.018835207951199,0.376295861525711,1
27.269991159439087,-10.635716195260994,4.229997577140542,1.728395343059980,1.433026986743618,-4.717066107553856,-0.069859185460231,-0.121754139072561,-1.078310540672650,-0.322380508926873,-1.151188599886756,7.269511681942371,0.349887252936020,-1.015036598415265,0.383222456509646,1
27.279996633529663,-10.621384674764435,4.182749470455094,1.727680308593878,1.431764791485448,-4.727487044926159,-0.073066910288040,-0.129192008303624,-1.004393099859447,-0.318805543042944,-0.335222796123744,7.505286674461816,0.363809673208193,-1.011168287557990,0.390011624796632,1
27.290082454681396,-10.606952108427381,4.135023607404460,1.726927289129817,1.430458807693035,-4.737230604991053,-0.076263351641893,-0.128424740093352,-0.927530982324579,-0.315088181995531,0.486884524160403,7.736633431565985,0.372581083859984,-1.007201158030653,0.396713731310742,1
27.303297758102417,-10.588057381964504,4.072336017013461,1.725891979815260,1.428835066948462,-4.748805063243427,-0.080394919401441,-0.115049379620398,-0.823380798001999,-0.310063588939406,1.471062964068001,8.000404291068147,0.415593918165921,-1.001901160777358,0.405245069527863,1
27.309990882873535,-10.578496850035719,4.040534763675270,1.725346982894290,1.428100693659318,-4.754136038525519,-0.082460248768494,-0.103998965254042,-0.769553415993937,-0.307022413205014,1.830148573362417,8.083838569613206,0.492247618423712,-0.999174899705383,0.409420284365247,1
27.319989204406738,-10.564222430869531,3.992961999377250,1.724507218568043,1.427161129131918,-4.761424568921932,-0.085503709459405,-0.083060458135902,-0.688133361763768,-0.301569048002860,2.355832163519652,8.200543538343975,0.596569283274435,-0.995050402576720,0.415558429244258,1
27.330048561096191,-10.549872949633393,3.945041941756487,1.723632143493507,1.426453654675681,-4.767928681397064,-0.088504862016831,-0.056766694243354,-0.605108662656549,-0.295090698978403,2.870572319939344,8.308335051026353,0.689842727403114,-0.990840500261232,0.421612309022414,1
27.339993238449097,-10.535686924373916,3.897588768950532,1.722737341664083,1.426039231199938,-4.773534814614874,-0.091404495902085,-0.025743813277652,-0.521978155547853,-0.287815383252018,3.364773522379535,8.405486407925517,0.771304999638556,-0.986617612807784,0.427481104723702,1
27.349993944168091,-10.521426911837034,3.849827632931419,1.721809016030197,1.425958118158585,-4.778332912272274,-0.094242911196163,0.010323208326347,-0.437472382934759,-0.279735059267499,3.845725959512706,8.493702587497967,0.843088616609932,-0.982313695721218,0.433262759196967,1
27.360002279281616,-10.507153585841865,3.801981707962969,1.720851888647456,1.426261893336641,-4.782284701656605,-0.096999418543286,0.051153114335061,-0.352058160981047,-0.270977024654777,4.310167983910278,8.572525742317982,0.905450031344351,-0.977948788995755,0.438930110150189,1
27.370131731033325,-10.492702944233692,3.753523212111552,1.719855595103844,1.427008789080815,-4.785410083589424,-0.099696863656581,0.096952320334403,-0.265088203116475,-0.261533808654686,4.666037945327238,8.510118031971039,0.953869538790710,-0.973482833989268,0.439486833621807,1
27.380115747451782,-10.478450052683693,3.705733785651126,1.718847344630345,1.428211819255938,-4.787637826418305,-0.102259940635802,0.144279534468293,-0.181695831242828,-0.251849617981489,4.810665686898113,8.196306836294854,0.985496950176086,-0.969140618949462,0.430362346926292,1
27.389994382858276,-10.464333791763325,3.658432037936888,1.717825051747529,1.429873839791622,-4.789037740638175,-0.104699259144634,0.192415092723587,-0.102232654849652,-0.241973610650464,4.931327051865599,7.893187643548878,1.013483186255100,-0.964933533649266,0.421428085926772,1
27.400024652481079,-10.449987404361071,3.610413425370450,1.716763348978609,1.432052615781007,-4.789671070771232,-0.107073908196776,0.242379354978833,-0.024606745117172,-0.231683533151758,5.032078884201467,7.593022181021982,1.038672143230314,-0.960753363835831,0.412455648867809,1
27.410010576248169,-10.435667955359529,3.562563601803875,1.715682269621080,1.434726559335426,-4.789542870697103,-0.109336265739375,0.293065850444534,0.049786322500698,-0.221194475428787,5.111798954215904,7.301406500133037,1.060694020024406,-0.956677103881115,0.403610709984593,1
27.420120000839233,-10.421147836556624,3.514147868231256,1.714565823316588,1.437951618530373,-4.788671385862739,-0.111517871620816,0.345066693820286,0.122139613315462,-0.210371433948680,5.172547158635385,7.013889677921868,1.079996470748580,-0.952641665701122,0.394757263667545,1
27.429991245269775,-10.406935821674645,3.466884786577360,1.713454927509570,1.441610603923340,-4.787128463647790,-0.113541609138129,0.396343003787302,0.190020035841113,-0.199628926407086,5.213545620495919,6.740480097184360,1.096085891418451,-0.948787199686774,0.386206595115111,1
27.439992904663086,-10.392496283982998,3.419015032501726,1.712309494122214,1.445836302024420,-4.784896302814890,-0.115483193549421,0.448746245222193,0.255617984018456,-0.188586311659742,5.276258656277019,6.330073504509626,1.112599310822163,-0.944969235563137,0.377063978968812,1
27.450011491775513,-10.377988330277425,3.371093281564975,1.711143294397275,1.450598008038776,-4.782025867099855,-0.117316362044796,0.502007803789726,0.316632579503028,-0.177357499710867,5.356718522823950,5.851750647734962,1.128830963654300,-0.941238676760357,0.367716361224489,1
27.461063861846924,-10.361929815901268,3.318280554995417,1.709836576104719,1.456473058693374,-4.778181065987276,-0.119206633184083,0.561670286359227,0.378410722850079,-0.164795763737354,5.442731948080445,5.333582701296083,1.144783464930413,-0.937232426965245,0.357528305054061,1
27.470068454742432,-10.348784812064237,3.275249328856958,1.708756081011977,1.461754992659249,-4.774561076099012,-0.120644681240077,0.611001978207460,0.424598640429760,-0.154429714656253,5.507791140164493,4.921884746490443,1.156208450072586,-0.934048473554290,0.349314464543376,1
27.479995012283325,-10.334242563346507,3.227872665271016,1.707550987761392,1.468093059376931,-4.770110722255334,-0.122120588361143,0.666003299583814,0.471266227116461,-0.142896203468587,5.571451496533231,4.482805749732874,1.167089917236641,-0.930625259426692,0.340361106901600,1
27.490090608596802,-10.319387445743205,3.179743727479974,1.706311114434942,1.475101130044879,-4.765132283595613,-0.123503477386022,0.722527391134511,0.514343272706537,-0.131066623245152,5.625040767595761,4.055009978469659,1.176268230335934,-0.927234868496712,0.331361504274257,1
27.500027179718018,-10.304692700413485,3.132418420369846,1.705077576055998,1.482559350248291,-4.759827698200320,-0.124747692176989,0.778631912892704,0.552632216354993,-0.119340954103768,5.664602474164004,3.654974360932385,1.183405996737200,-0.923985700459492,0.322605940175326,1
27.511707067489624,-10.287323024616555,3.076866208717709,1.703612800364686,1.492039957076089,-4.753132208469687,-0.126061076993308,0.844914641266725,0.593252869019565,-0.105594955546984,5.685150652386625,3.303194183659538,1.170471046318457,-0.920260903726130,0.315272009270257,1
27.519995927810669,-10.274925791462461,3.037487715218781,1.702564350866024,1.499238986659171,-4.748103993221913,-0.126896258373953,0.892088192762603,0.619623419636756,-0.095930956927731,5.696390209239343,3.060514171897804,1.161263949051175,-0.917668933327666,0.310128005656220,1
27.530000448226929,-10.259881388183375,2.990017850379296,1.701290237584385,1.508448923002807,-4.741756733819475,-0.127798051634310,0.949125458462669,0.648810863219453,-0.084369111360693,5.705238376987526,2.776102866756265,1.150099738727001,-0.914597137407357,0.303979061416352,1
27.539990663528442,-10.244763346943921,2.942679506611643,1.700009487983651,1.518215666667733,-4.735141038225884,-0.128583711677925,1.006140912295574,0.675168332575913,-0.072935580554122,5.707908134346420,2.502345608674604,1.138817223300984,-0.911590722414192,0.297903659149775,1
27.550012826919556,-10.229496418061297,2.895258593615782,1.698717359458400,1.528585740040104,-4.728253342857883,-0.129257667750144,1.063328918265298,0.698917192479430,-0.061580007442196,5.703390279009575,2.238994838444308,1.127287475660992,-0.908635422528989,0.291874132686937,1
27.560091018676758,-10.214035329984730,2.847639964100093,1.697411678474398,1.539592174528260,-4.721099799501622,-0.129821257344160,1.120754546778850,0.720199903998808,-0.050278051680354,5.690644128918912,1.986449948943029,1.115406838766570,-0.905724000467425,0.285876285494498,1
27.569990873336792,-10.198737750818779,2.800937366054677,1.696124182945064,1.550965984914630,-4.713876613762912,-0.130264582581144,1.176950557347786,0.738568902674540,-0.039334299207456,5.643677079135447,1.679247304260616,1.079855030882054,-0.902925491515230,0.278417381435108,1
27.580087423324585,-10.183016647128371,2.753379145407684,1.694807074638863,1.563135472338408,-4.706341015710753,-0.130608088604514,1.233360883506560,0.753360195558243,-0.028843018207484,5.526261279886613,1.258527722624207,0.998862975599839,-0.900168760395718,0.267652725262102,1
27.589997529983521,-10.167465479382086,2.706779347361218,1.693511570706304,1.575626510891025,-4.698820081062232,-0.130846119643719,1.287464924799718,0.763973185304372,-0.019323833780794,5.390181476799482,0.890716644703655,0.922965390098683,-0.897568297976941,0.257216536585337,1
27.600092887878418,-10.151491304808420,2.659378790275499,1.692189708959761,1.588896955912077,-4.691067366126174,-0.130995443677181,1.341101731889468,0.771257551944756,-0.010380934578010,5.231936461482698,0.559388361345733,0.849181171534092,-0.895024546373728,0.246714580408324,1
27.609989166259766,-10.135700628562109,2.612992527176957,1.690892967594268,1.602422318714491,-4.683412198240628,-0.131057732477597,1.392037347518372,0.775353171341432,-0.002321135027078,5.059170059307020,0.274746492673303,0.780219355459633,-0.892633397450464,0.236548616403235,1
27.620030641555786,-10.119543158007852,2.566015546806532,1.689577310070186,1.616648552731991,-4.675619062634450,-0.131042852726829,1.441877102466937,0.776822607372348,0.005174034539486,4.867586978826210,0.024224720605073,0.713556750074168,-0.890309941698881,0.226365832354137,1
27.629997253417969,-10.103355129858960,2.519445140103715,1.688271379117591,1.631260444141265,-4.667877758396047,-0.130956878329929,1.489389412852601,0.775973916128535,0.011970447826624,4.662546708295539,-0.188740901064609,0.650537371512343,-0.888103270596301,0.216383588001409,1
27.640025377273560,-10.086920591568544,2.472672950491157,1.686958804888909,1.646427672709643,-4.660108526492059,-0.130805091483342,1.535177955207824,0.773209470432039,0.018213794381622,4.479796443618413,-0.351798350346469,0.597443236378713,-0.885963123476503,0.212454125046151,1
27.650102853775024,-10.070249649349725,2.425748903082504,1.685641613214274,1.662123350455947,-4.652336521525763,-0.130592018425423,1.579460282838037,0.768983936210543,0.023991573178252,4.307343006874828,-0.483230232520411,0.549446223192234,-0.883826578117338,0.211561348192106,1
27.660049676895142,-10.053639167919323,2.379514214142779,1.684344005798589,1.678043006290401,-4.644713909330764,-0.130326981507105,1.621431058213817,0.763617925013307,0.029226946998930,4.131393702783206,-0.592478025734248,0.503552345524164,-0.881726708386464,0.210689770509109,1
27.669992923736572,-10.036871532718076,2.333363902663367,1.683049533938165,1.694368149045392,-4.637151192616683,-0.130012182858020,1.661618365182826,0.757263808024472,0.034012559850699,3.950364091400332,-0.682323958459943,0.459202146271888,-0.879635860543785,0.209827834743134,1
27.680123805999756,-10.019620958184293,2.286426416588514,1.681734280746091,1.711400504867115,-4.629516136013905,-0.129644810877924,1.700683134416574,0.749968312981008,0.038442515622538,3.761280530669191,-0.754880530302036,0.415665875345291,-0.877514626095396,0.208959500876357,1
27.689998149871826,-10.002640142795048,2.240753828812499,1.680456185727321,1.728372301281426,-4.622149133411316,-0.129245661801630,1.736893352694785,0.742238602721786,0.042343885141154,3.573021991656170,-0.808077362918468,0.374891085680618,-0.875455626329124,0.208122658209515,1
27.700030565261841,-9.985210310794033,2.194414222658829,1.679161578357311,1.745976206724429,-4.614743172780800,-0.128802602745163,1.771769165450121,0.733930027653545,0.045904723866462,3.378239064247089,-0.845320255400364,0.335186734983291,-0.873371631733751,0.207281803929541,1
27.710122823715210,-9.967499092343484,2.147879373336097,1.677864097453529,1.764023619011422,-4.607378949307591,-0.128321281077099,1.804269511436777,0.725531035365964,0.049580923755928,3.062947358408993,-0.818522942465495,0.393185861930050,-0.871332087038181,0.196841344148089,1
27.720211744308472,-9.949610087138746,2.101433775389360,1.676572097661834,1.782376944330106,-4.600100479272972,-0.127800147316538,1.833612559703428,0.717414292875673,0.053818032095592,2.755542104146998,-0.790418305360332,0.445755147142505,-0.869398760181458,0.186447140823095,1
27.730051517486572,-9.931983139480401,2.056205531191429,1.675317281549410,1.800547494048297,-4.593079267008935,-0.127248268700746,1.859285290241449,0.709775134741953,0.058432241136841,2.464099924844304,-0.762191864915633,0.491200184646841,-0.867613558559772,0.176436804332098,1
27.739997386932373,-9.913982342696238,2.010557252851481,1.674054629022277,1.819157271055986,-4.586056985943914,-0.126642111272869,1.882362446527674,0.702339724680939,0.063523025694002,2.177695794775375,-0.732800572693217,0.531561406700155,-0.865908491845164,0.166445676842723,1
27.749996662139893,-9.895696756438012,1.964732814507136,1.672791505424254,1.838084610814851,-4.579069897301252,-0.125979711476947,1.902732973179750,0.695163417541998,0.069018869274217,1.897847211154048,-0.702341332221834,0.566757180191294,-0.864293761480018,0.156530021915926,1
27.766539573669434,-9.865030009086782,1.889081713155252,1.670717464341027,1.869798172786121,-4.567664426231797,-0.124758179403262,1.930411552042792,0.683975897767867,0.078801934458037,1.452206555103827,-0.649855643402253,0.613835689065320,-0.861838283567818,0.140412165994597,1
27.770033121109009,-9.858485095281269,1.873126353209554,1.670282041618492,1.876551762076569,-4.565278555860015,-0.124479090437279,1.935331483006626,0.681712142834785,0.080951384675477,1.364251368286315,-0.646284923155052,0.616134759799407,-0.861353477336574,0.137098941925927,1
27.779989719390869,-9.839704428607817,1.827704306248439,1.669046737910320,1.895885050977673,-4.558522712410616,-0.123642450613487,1.947675994677912,0.675334475903031,0.087109169237063,1.115729528495366,-0.633904051967688,0.620484128801789,-0.860035058843201,0.127748303115254,1
27.789992809295654,-9.820642100219724,1.782138676237934,1.667814393155322,1.915419515939498,-4.551798723999168,-0.122739994078114,1.957597967304049,0.669077027609543,0.093330944131954,0.868484862944143,-0.616382392861956,0.623220075625238,-0.858803650818947,0.118477883772228,1
27.800043582916260,-9.801290255260527,1.736420017796872,1.666585493748276,1.935136013649017,-4.545104283939569,-0.121770370097358,1.965090410584644,0.662989963813561,0.099602441282258,0.622816983931608,-0.594033871377360,0.624398161523932,-0.857659065261277,0.109287454601484,1
27.810018062591553,-9.781890433743687,1.691117850806343,1.665375955678960,1.954763745149090,-4.538520432010818,-0.120745826009195,1.970099433590299,0.657193527756819,0.105830127682038,0.382081732412200,-0.567531926401433,0.624086239111965,-0.856613948936189,0.100291148605229,1
27.820002317428589,-9.762277208843610,1.645841091625511,1.664175891022611,1.974446920006162,-4.531987262469404,-0.119658214595972,1.972724882299901,0.651676678680675,0.112053143031357,0.144465175188554,-0.537053747471769,0.622370716598210,-0.855657145069704,0.091410284989016,1
27.829993724822998,-9.742450273352750,1.600590442610464,1.662985976927431,1.994161457506762,-4.525502040355859,-0.118507569865228,1.972995153115223,0.646478072519856,0.118257640068006,-0.089742267533005,-0.502938305180493,0.619320173482981,-0.854787675920276,0.082645398677338,1
27.840030670166016,-9.722335632943086,1.555200704449004,1.661802584176452,2.013953339438972,-4.519038993308380,-0.117289260225349,1.969795032348294,0.641211208811719,0.124558885377828,-0.657254835259377,-0.586270299420139,0.646488248853529,-0.853994314209420,0.076214281240635,1
27.850060939788818,-9.702036191311917,1.509905675382273,1.660632517418571,2.033666038323369,-4.512639299150353,-0.116006701163448,1.959690595772149,0.634635119744760,0.131244982083626,-1.348938783006156,-0.723771107240474,0.686069007913219,-0.853256009657955,0.071016914284431,1
27.863633394241333,-9.674253033413054,1.448712995820192,1.659070319577764,2.060114022926778,-4.504097417002363,-0.114160577404363,1.935471542042715,0.623612764522468,0.140888401770783,-2.204651421819685,-0.898072141882249,0.733789601984265,-0.852338983052803,0.064135629891890,1
27.869989633560181,-9.661120938068867,1.420099651744485,1.658347646327243,2.072367909332141,-4.500152691230095,-0.113250200085281,1.920273656342646,0.617659284942058,0.145616709662421,-2.574739093899314,-0.974891883885463,0.753916385663529,-0.851941436047215,0.060973578444930,1
27.880043745040894,-9.640188025720192,1.374884591439077,1.657216478368744,2.091535459335848,-4.493993777354431,-0.111747508206436,1.891597152811338,0.607272057538510,0.153345777580462,-3.121833413682052,-1.089999795418622,0.782983681200289,-0.851353220949826,0.056049485507837,1
27.890000820159912,-9.619269215020212,1.330167477506567,1.656111531555996,2.110207086705130,-4.488002942606516,-0.110181383643315,1.858002260177799,0.595884150320780,0.161271855482074,-3.618822105149959,-1.196070778323568,0.808541623156154,-0.850819017282040,0.051267506864660,1
27.899992227554321,-9.598093664340089,1.285356620345200,1.655018875466421,2.128582323563796,-4.482110731359348,-0.108529345750701,1.819534827233747,0.583435961812298,0.169465312983008,-4.074410299759337,-1.294400292785790,0.831092714010950,-0.850330372272345,0.046563652726913,1
27.909998416900635,-9.576704278146748,1.240536758831653,1.653941528433100,2.146576738794186,-4.476339416010055,-0.106793801246486,1.776316446106958,0.569930127329623,0.177249839133633,-4.556986973386901,-1.403984674776453,0.724770030886440,-0.849884402231300,0.042593939321318,1
27.920036554336548,-9.555069486535498,1.195634319429992,1.652878640700012,2.164169242681304,-4.470691264402838,-0.104979894900082,1.728329925208076,0.555317304640727,0.184008406880010,-4.997266538049253,-1.506396349284094,0.622861922016327,-0.849476487890334,0.038698305857950,1
27.929998874664307,-9.533423373026869,1.151121036590192,1.651841978043192,2.181133535007459,-4.465235097540305,-0.103117348017927,1.676542752999433,0.539834883067508,0.189733345284472,-5.391951328124034,-1.600369952570004,0.527320181045263,-0.849109872217630,0.034911969195557,1
27.940027475357056,-9.511475177691983,1.106385926897920,1.650817891243624,2.197663060303600,-4.459905394951677,-0.101190402389280,1.620671919379148,0.523350450800886,0.194560619465466,-5.748141483855799,-1.687135283429670,0.436675794355937,-0.848778654105276,0.031182944340560,1
27.949990749359131,-9.489492919252092,1.061962554347612,1.649819121106176,2.213524431401650,-4.454774610408517,-0.099231077000020,1.561782382312120,0.506138396686951,0.198485745384276,-6.063131398656142,-1.765587695286226,0.351868442509262,-0.848486014068868,0.027555885133867,1
27.959993362426758,-9.467272658717210,1.017423946553378,1.648836443081319,2.228839653689856,-4.449800978431036,-0.097229260346428,1.499705689770114,0.488115187809286,0.201601551222826,-6.341617402887241,-1.836448212143158,0.271923074397704,-0.848228230819452,0.023995830819684,1
27.970034122467041,-9.444818362254011,0.972767795707709,1.647870369783133,2.243574552888876,-4.444993185265997,-0.095192545385370,1.435029841234231,0.469621452203859,0.203959709805242,-6.434109357338891,-1.739165810430624,0.202311083152380,-0.848003710284930,0.021211051868752,1
27.980036258697510,-9.422306566815330,0.928330527096021,1.646928452511083,2.257610324782004,-4.440376367600349,-0.093143279019908,1.371862687132434,0.454139988535778,0.205703169413541,-6.191506606620129,-1.368822633498739,0.146471998198639,-0.847798121554819,0.019900867118028,1
27.990108013153076,-9.399499932004602,0.883630961301861,1.646000792145230,2.271117829991319,-4.435866416479298,-0.091064994756521,1.310846462911387,0.441931285689059,0.206899910394052,-5.920852033181462,-1.066565228871204,0.091370714158951,-0.847604228566229,0.018605448695202,1
28.000016927719116,-9.376933303379378,0.839699986280914,1.645108649387163,2.283820243555375,-4.431535817214594,-0.089011326683013,1.253586191870414,0.432583411383536,0.207541740552747,-5.634055258705315,-0.829557927823459,0.038395612948679,-0.847426094766528,0.017354393484257,1
28.010060071945190,-9.353937021615613,0.795220395288688,1.644225270497673,2.296129717504974,-4.427230303059644,-0.086926151875288,1.198536550149415,0.425235665995347,0.207663411940666,-5.327632942770134,-0.642012798209641,-0.013923504429816,-0.847258090170081,0.016110117547587,1
28.020003557205200,-9.331044347322226,0.751213946596311,1.643371082203408,2.307790481086759,-4.423030721511417,-0.084862530752811,1.147111370032928,0.419587083185036,0.207273371320498,-5.013157884730632,-0.500741408367398,-0.064266151609436,-0.847103910013486,0.014901345281561,1
28.030029773712158,-9.307848559285670,0.706887639657777,1.642530617557013,2.319045361106146,-4.418847017474525,-0.082788374726705,1.098466675980256,0.415121215823284,0.206381119835323,-4.689319443764050,-0.395759198814090,-0.113440601482160,-0.846960513411272,0.013706258054889,1
28.040109634399414,-9.284419553144531,0.662370459542306,1.641706643032111,2.329884792278376,-4.414681844671335,-0.080714855250927,1.053059182245037,0.411458177618892,0.204974523312576,-4.302593584684396,-0.340783432548100,-0.167335696104195,-0.846827336968298,0.012819809694039,1
28.049994468688965,-9.261337141734959,0.618750006476730,1.640918737460804,2.340090807131842,-4.410630437483086,-0.078697667773514,1.012465859275137,0.408292149085504,0.203056603411081,-3.914043347318757,-0.299483625200380,-0.220161046702611,-0.846704143351127,0.012106997250414,1
28.060034036636353,-9.237793820828523,0.574490760901702,1.640138859195534,2.350064380774699,-4.406545823974511,-0.076671070554457,0.975056453207615,0.405503277318784,0.200590662492415,-3.542312325290078,-0.255822592104169,-0.270556833113750,-0.846586173943292,0.011396750432716,1
28.070028305053711,-9.214256273958977,0.530466571809052,1.639382487745561,2.359639223524132,-4.402504762972529,-0.074680433014013,0.941406981564193,0.403170435812796,0.197648841095981,-3.194439190064544,-0.210699052193104,-0.317571136225464,-0.846475737808640,0.010703310701954,1
28.080002546310425,-9.190674349472541,0.486574949035268,1.638647384313767,2.368875631629469,-4.398493158117796,-0.072725572445889,0.911186709601328,0.401300034901424,0.194260047764173,-2.868739699566477,-0.164089337370641,-0.361438060767642,-0.846372374824970,0.010024940102636,1
28.090002775192261,-9.166940521626515,0.442610099008497,1.637929780281646,2.377849233882102,-4.394487568083522,-0.070801741476620,0.884044918431035,0.399899156405719,0.190438155432114,-2.563049079285145,-0.115838086174682,-0.402454194280372,-0.846275469257226,0.009358470186735,1
28.100054264068604,-9.143003894491880,0.398474841539711,1.637227914241430,2.386607566762836,-4.390474429386152,-0.068909208304568,0.859749226923498,0.398984977075929,0.186199439240769,-2.276290813745048,-0.065902332468678,-0.440729514343117,-0.846184742915477,0.008702204237196,1
28.110005855560303,-9.119203148821972,0.354787738534834,1.636551083447020,2.395057276572378,-4.386505516735132,-0.067076750180515,0.838214338141179,0.398423855784860,0.182020224953439,-2.053008730742165,-0.046331557895048,-0.399285858869141,-0.846104837866922,0.007354867672739,1
28.120245695114136,-9.094633985996197,0.309890461924340,1.635873685918121,2.403536805016891,-4.382427662813611,-0.065233069601204,0.818293372017808,0.398065456876829,0.178139569694186,-1.840641987703236,-0.023170822645487,-0.359046514345779,-0.846036520681520,0.005992155154014,1
28.129987955093384,-9.071180124026728,0.267215644093443,1.635246583379068,2.411424299284746,-4.378550419129937,-0.063514088740275,0.801281847224894,0.397958076239605,0.174819285108876,-1.654249226632965,0.001549031863785,-0.322943625491579,-0.845984370760253,0.004717577187744,1
28.139995098114014,-9.047007073119271,0.223415662626358,1.634619645623270,2.419363577130673,-4.374567177375562,-0.061780102394979,0.785620870434009,0.398111373478040,0.171763964063661,-1.478007291476436,0.029505691979936,-0.287996490623202,-0.845943617568096,0.003430409467721,1
28.149998903274536,-9.022766317396446,0.179675355859752,1.634010186239111,2.427151202759524,-4.370582765529043,-0.060075744277423,0.771655051504716,0.398556507046874,0.169048983682708,-1.316639466891652,0.059883663497209,-0.255162495446888,-0.845915643445889,0.002166298254137,1
28.160068511962891,-8.998288691914322,0.135688638663728,1.633413817218469,2.434856735315813,-4.366566160893177,-0.058386010204599,0.759155451878494,0.399323106422030,0.166637554936020,-1.168514181890515,0.092758188794871,-0.224159647477520,-0.845900141901020,0.000916591819593,1
28.170019626617432,-8.974020587491140,0.092254145953939,1.632840999291316,2.442355934109232,-4.362587112013787,-0.056738306616615,0.748208884231123,0.400406677098461,0.164568628926361,-1.026819056450987,0.118369273642869,-0.179815070811302,-0.845896937200679,-0.000173998985137,1
28.180142164230347,-8.949259585131459,0.048114228102744,1.632275068104937,2.449879916859050,-4.358527981172982,-0.055080006736160,0.738643962959552,0.401586787733872,0.163237726288491,-0.865291644324329,0.115284171374704,-0.084224467475534,-0.845902055397338,-0.000834923689327,1
28.189994335174561,-8.925087818896110,0.005193811975213,1.631740335679575,2.457117379119742,-4.354565994983760,-0.053474457171517,0.730840141889178,0.402719256065267,0.162840932268657,-0.721020353621872,0.115066549575228,0.002682015248618,-0.845913394528599,-0.001464783944935,1
28.199990749359131,-8.900487879272942,-0.038318167048408,1.631213898286299,2.464389760251219,-4.350534274025464,-0.051845026137597,0.724311323013232,0.403879917919568,0.163283588308796,-0.587228742093694,0.117594562199348,0.084889902004854,-0.845931176277775,-0.002090404188634,1
28.209990501403809,-8.875808471607145,-0.081802218273696,1.630703642057104,2.471605410183702,-4.346489619415379,-0.050206689176193,0.719057043668308,0.405079796076734,0.164519266559924,-0.465660835376163,0.122833861063174,0.161297711703942,-0.845955152006218,-0.002702591395961,1
28.219990491867065,-8.851056561184700,-0.125246798297102,1.630209831493184,2.478774568220737,-4.342432563056172,-0.048552230434584,0.714958818755732,0.406345402361434,0.166490763013213,-0.355921063921089,0.130724536962694,0.232080433859424,-0.845985182173533,-0.003301178681461,1
28.230149269104004,-8.825839593487139,-0.169337543860718,1.629725257047217,2.486020736899655,-4.338297867478119,-0.046847828251654,0.711859950930086,0.407725291923046,0.169189927729794,-0.256119019085120,0.141393201940463,0.298422605175716,-0.846021746075432,-0.003895302520104,1
28.240062713623047,-8.801160219914621,-0.212323928630297,1.629269208917716,2.493065073440984,-4.334249611556464,-0.045155057824128,0.709148016364327,0.408846118876234,0.172400912664537,-0.352253390863204,0.051188414009645,0.343992325626124,-0.846062545715824,-0.004269776608601,1
28.249992370605469,-8.776368851322983,-0.255343446833507,1.628829370776220,2.500086672410377,-4.330189425230303,-0.043425544129104,0.704759332178668,0.408683354457606,0.175993503819250,-0.529253004304535,-0.082407842688547,0.379029516141178,-0.846106257892678,-0.004530975461311,1
28.259991407394409,-8.751335256719294,-0.298620759027082,1.628404019669653,2.507104339049678,-4.326109228618823,-0.041646284103344,0.698636022604457,0.407226120601532,0.179946103132072,-0.693184000580266,-0.207495140710226,0.411028155509518,-0.846152797615785,-0.004774628228845,1
28.270032644271851,-8.726123932970127,-0.342042848360059,1.627994953264536,2.514082466644800,-4.322032337515572,-0.039818050042713,0.690906678029344,0.404551275549438,0.184221596771297,-0.843960143089656,-0.323666838969097,0.439976235773393,-0.846201891061519,-0.004999776087862,1
28.279998540878296,-8.701038288157333,-0.385089566837090,1.627607407036137,2.520922772953545,-4.318019060688512,-0.037960100039470,0.681806580150283,0.400790384243124,0.188736177865076,-0.980411185512648,-0.429659580469510,0.465666089211050,-0.846252743775736,-0.005203820322175,1
28.290028333663940,-8.675719228967253,-0.428379349164318,1.627236238934680,2.527709856241068,-4.314022405302557,-0.036043250411406,0.671337406741967,0.395984511325605,0.193524212594669,-1.105080319922032,-0.527097380636970,0.488593482667146,-0.846305886908087,-0.005389725001118,1
28.300146341323853,-8.650109069077446,-0.472009514183343,1.626881536122566,2.534444057565375,-4.310044276407749,-0.034059756088130,0.659571996403291,0.390193286809633,0.198572853633244,-1.215818831870550,-0.614599211532261,0.509048466356375,-0.846361287278301,-0.005564733181869,1
28.310052633285522,-8.624980253913556,-0.514669569885697,1.626554087452360,2.540917527447457,-4.306209996085468,-0.032067949511939,0.648086051918107,0.384297284844764,0.203773811102749,-1.105514653219529,-0.576049987674203,0.540846227492399,-0.846420062375002,-0.006303541424628,1
28.320111751556396,-8.599378540969402,-0.557983311081823,1.626241800284576,2.547384979643461,-4.302371328193364,-0.029989501626643,0.637488099801988,0.378702646377602,0.209364520794131,-1.002285908091769,-0.535676654878752,0.569737600124390,-0.846487200113817,-0.007037142028487,1
28.330269098281860,-8.573470545026346,-0.601665569305111,1.625948080807536,2.553810291344826,-4.298551541620140,-0.027833014182958,0.627799274434200,0.373473712420050,0.215285447597665,-0.906862167358386,-0.493674805951701,0.595520024624914,-0.846562366995280,-0.007760062065080,1
28.340031385421753,-8.548509737605171,-0.643611542249652,1.625686718742451,2.559897194900147,-4.294928452594576,-0.025702602310306,0.619360927320966,0.368856258216376,0.221207368168837,-0.823194371212393,-0.452105212916490,0.617207912503874,-0.846641446326051,-0.008438203138871,1
28.349996805191040,-8.522966830370057,-0.686397133821923,1.625441651373094,2.566030264232626,-4.291274115992843,-0.023467039090935,0.611549780795005,0.364567091240579,0.227456329412967,-0.745646317507767,-0.408434000100823,0.636332147021461,-0.846728922640991,-0.009113674908613,1
28.359994173049927,-8.497284681366011,-0.729277360375076,1.625218531400328,2.572107656219830,-4.287649328064780,-0.021161159458543,0.604452348359831,0.360708343809077,0.233901059507225,-0.675582537720634,-0.363361017855143,0.652561493467610,-0.846823344321353,-0.009774133306085,1
28.370216608047485,-8.470960013316345,-0.773088792859019,1.625014550727644,2.578252449578102,-4.283980196914840,-0.018735820930985,0.597853940794599,0.357216825744326,0.240604314083304,-0.626317304730190,-0.326501043482022,0.643356062182884,-0.846927926318368,-0.011174890587082,1
28.380010128021240,-8.445681888968803,-0.815025937533368,1.624842702217008,2.584077624975606,-4.280497266225764,-0.016349494825486,0.591798031023948,0.354100204099065,0.246650576191159,-0.610931267412368,-0.309824114913965,0.591564241294229,-0.847050589907086,-0.013868662160554,1
28.390006542205811,-8.419821528702970,-0.857796899942627,1.624691689197694,2.589963042283743,-4.276972802067928,-0.013855246076526,0.585756824652797,0.351092289276826,0.252303425879981,-0.598278311442054,-0.291822150246435,0.539589060739775,-0.847202785937804,-0.016574889531205,1
28.400978803634644,-8.391368029391110,-0.904704911470513,1.624554966345236,2.596354471348923,-4.273137595329055,-0.011055493939214,0.579252787293196,0.348003949800799,0.257915814267029,-0.587827772733625,-0.270895748002274,0.483587019712796,-0.847400722676930,-0.019495010632282,1
28.411737680435181,-8.363398906367470,-0.950662039923105,1.624451040629256,2.602553117379421,-4.269408481966950,-0.008253476756335,0.572967899817546,0.345205048450980,0.262828431220378,-0.580959194611376,-0.249163746388424,0.429753143550358,-0.847625655679863,-0.022307225794636,1
28.424967527389526,-8.328920096830771,-1.007111476488338,1.624365013760807,2.610082165994335,-4.264862788782602,-0.004740842474880,0.565314366550542,0.342094676625281,0.268083814344922,-0.576930840583485,-0.220763203276805,0.365053462145425,-0.847943250326577,-0.025695290969798,1
28.430136442184448,-8.315419396878143,-1.029154673087303,1.624344095901585,2.612996924962256,-4.263097184425207,-0.003350181182846,0.562332907953378,0.340983299328517,0.269906709055455,-0.576638554981055,-0.209152350646622,0.340221227345261,-0.848079458934815,-0.026998445543781,1
28.440470218658447,-8.288388606302158,-1.073188370136181,1.624323942941185,2.618772971550794,-4.259586992687253,-0.000547151726225,0.554351205582989,0.337629387611663,0.271471635920965,-1.268687287999599,-0.635774103004317,-0.289470346303348,-0.848364899951962,-0.027195629097124,1
28.449997186660767,-8.263414704293771,-1.113754113090165,1.624330974227246,2.623980495270852,-4.256409484354968,0.002011776369916,0.537216819613761,0.328384723772529,0.264274044169760,-2.307575467076035,-1.291713833574426,-1.203433549174024,-0.848616593309797,-0.025642544857440,1
28.460038900375366,-8.237038789721774,-1.156479446767872,1.624364259717026,2.629241980160703,-4.253187627549400,0.004590116461189,0.509096020921776,0.312293273740948,0.247831057282629,-3.271391398442538,-1.899224852587831,-2.052487661433462,-0.848865871759842,-0.024006144709952,1
28.472958564758301,-8.203027396461694,-1.211405911715311,1.624443423725103,2.635515789280790,-4.249330604563694,0.007593703764741,0.459802269438235,0.283337127026286,0.215112672644847,-4.325344655802464,-2.561348373531185,-2.982789513926247,-0.849162437795674,-0.021901577871895,1
28.480035305023193,-8.184366543490608,-1.241468356606918,1.624502361677405,2.638656939687444,-4.247392417762745,0.009037469904160,0.427414807934713,0.264098350193466,0.192431270738878,-4.818947529159716,-2.870034092260321,-3.419461224557422,-0.849313342227338,-0.020749353052645,1
28.490000724792480,-8.158049557105963,-1.283784805020199,1.624601396981991,2.642666813640824,-4.244909438820310,0.010776203238324,0.376306656105422,0.233576445477492,0.155620612069856,-5.419725150721321,-3.243584720185626,-3.952243009788279,-0.849512044165368,-0.019127127260261,1
28.500132083892822,-8.131256138488535,-1.326782118826461,1.624717861521325,2.646192243332914,-4.242714963141045,0.012142004118593,0.318753844967718,0.199084069374897,0.113227785441459,-5.923694185459226,-3.553783483180153,-4.400874414331287,-0.849697484792246,-0.017478509742746,1
28.509995698928833,-8.105142446762454,-1.368618473802686,1.624842425663280,2.649051487273169,-4.240922670317415,0.013047664201174,0.261711970839984,0.164694630473681,0.070992327351674,-5.575264631806278,-3.380784070545948,-4.104708960866692,-0.849852405056048,-0.013752194521589,1
28.522553443908691,-8.071856862456880,-1.421864017205959,1.625010557934173,2.651912291104927,-4.239113831363652,0.013627247273243,0.194993531694149,0.123954221051709,0.022232636546227,-5.054310850184467,-3.108010076574096,-3.665207377353946,-0.849993925855881,-0.008796934141241,1
28.530023097991943,-8.052044166091946,-1.453523465210345,1.625112712249455,2.653230543086179,-4.238273191824783,0.013693405325979,0.158362943791780,0.101341838131054,-0.004207634097986,-4.755518785116536,-2.946996711368272,-3.416139276890994,-0.850048721213434,-0.005879121986498,1
28.539994239807129,-8.025581325178383,-1.495779328455528,1.625248490878703,2.654579656456749,-4.237405653979395,0.013486971613263,0.112882487607539,0.073022680800739,-0.036669256925127,-4.369293736800425,-2.733507651261665,-3.097607596793987,-0.850088061168882,-0.002018165990353,1
28.549995660781860,-7.999024924232248,-1.538159231373865,1.625381051423940,2.655496444786750,-4.236808455549819,0.012970385279819,0.071057976305692,0.046745639565168,-0.066119404864069,-3.996194232424040,-2.521067245345073,-2.793742286669989,-0.850089042101162,0.001815455224691,1
28.560114622116089,-7.972151094676079,-1.581029365221670,1.625508443517914,2.656017143317416,-4.236460863490715,0.012163342225405,0.032469777967825,0.022314948990786,-0.092899386456467,-3.633103468967759,-2.307930676429699,-2.501854427846677,-0.850051217733742,0.005653763001546,1
28.569993257522583,-7.945913521922519,-1.622877071172059,1.625623671586590,2.656166088537578,-4.236349712582911,0.011128065369476,-0.001848526827356,0.000500555442590,-0.116259839414979,-3.366851044183448,-2.124000034698232,-2.227630184516540,-0.849976338480197,0.009775946120867,1
28.579992294311523,-7.919355067848142,-1.665236810989809,1.625728769941994,2.655981318074510,-4.236448622124827,0.009858789342781,-0.034900520811956,-0.020062242142865,-0.137169123320603,-3.241704832816215,-1.990681862501035,-1.957178939368525,-0.849853752256407,0.014734885631795,1
28.590008497238159,-7.892756407268000,-1.707668244177622,1.625820313988370,2.655471459905384,-4.236747288121196,0.008391149962871,-0.066680660446619,-0.039371633710323,-0.155477902852040,-3.102288523547551,-1.866674312406637,-1.701399961208781,-0.849681521450770,0.019649205254385,1
28.600053787231445,-7.866082776837787,-1.750233937059569,1.625896490447049,2.654647530230235,-4.237235034851421,0.006747451154150,-0.097091666190275,-0.057533735911159,-0.171343791319844,-2.949968349528962,-1.750217511595733,-1.459599682193337,-0.849459581776902,0.024525550474966,1
28.609989643096924,-7.839714380509077,-1.792333573573294,1.625954840519097,2.653539963146354,-4.237891188168416,0.004976892742652,-0.125605984389715,-0.074376573225854,-0.184715634023294,-2.788611126041988,-1.641344759179092,-1.234597490705040,-0.849192184887327,0.029295585072776,1
28.620028495788574,-7.813078882035404,-1.834887222526248,1.625995300507295,2.652141147310673,-4.238718895844937,0.003063712749798,-0.152746199463031,-0.090324947199876,-0.196027831114462,-2.616212216015415,-1.536244094693833,-1.021048249845612,-0.848874069341036,0.034063410912405,1
28.629991054534912,-7.786667301859038,-1.877116396729763,1.626015933849904,2.650492671068645,-4.239693223046051,0.001063637572551,-0.177922732397815,-0.105124410683285,-0.205199356690528,-2.437312673766395,-1.435547161427272,-0.822505873586172,-0.848511399508651,0.038741413415260,1
28.639999628067017,-7.760147699460900,-1.919557201353392,1.626016171787370,2.648592318141548,-4.240815811691775,-0.001028263282736,-0.201900924825617,-0.119138637868783,-0.212505740542808,-2.587553237362420,-1.429834789899362,-0.647791886924543,-0.848100706471397,0.043140058325977,1
28.650027513504028,-7.733598542616775,-1.962089855009843,1.625995072943887,2.646422850495319,-4.242085568189452,-0.003189441917452,-0.232201974550483,-0.134397979546203,-0.218292679706701,-3.434861921450258,-1.604306442779796,-0.506975504447360,-0.847649181226796,0.046901387287358,1
28.660035610198975,-7.707127012398725,-2.004549026873296,1.625952145308958,2.643914547027574,-4.243513102268264,-0.005397065702739,-0.270295309992254,-0.151099150885766,-0.222678038011497,-4.158403612642192,-1.724814819092721,-0.370055017440426,-0.847161350546205,0.050580351111874,1
28.670001745223999,-7.680791538830327,-2.046848243352388,1.625887243271413,2.641003743633433,-4.245105994172537,-0.007632470632998,-0.314849525513731,-0.168678026341752,-0.225701687393892,-4.764140551295676,-1.794863962894031,-0.237340104745260,-0.846639310958378,0.054170014349512,1
28.679991722106934,-7.654421981661238,-2.089269521027587,1.625799689135531,2.637611595307594,-4.246881402851087,-0.009897118693097,-0.365025802643173,-0.186764860780452,-0.227423703786326,-5.262577871636099,-1.818228930468329,-0.107998286946865,-0.846080434515901,0.057694347981911,1
28.690001010894775,-7.628040548064044,-2.131787442595926,1.625689220950775,2.633687293676342,-4.248841701696413,-0.012176761612257,-0.419766960581012,-0.204896768179949,-0.227871893829563,-5.658790048029857,-1.797717844244182,0.017810127752853,-0.845485595568803,0.061150599605342,1
28.699990987777710,-7.601753853606001,-2.174240753416965,1.625556223018024,2.629206444595918,-4.250977307012268,-0.014450104344203,-0.477862961746653,-0.222581394680780,-0.227082727623343,-5.957246177680380,-1.736470422951551,0.139553985659388,-0.844857827809765,0.064525533215417,1
28.710034370422363,-7.575372792517014,-2.216946453361222,1.625399667309474,2.624123295135619,-4.253296025900651,-0.016723154019195,-0.532682155025970,-0.238719245429485,-0.225509469627331,-4.957128384405484,-1.475245751431717,0.172618101074522,-0.844171519136828,0.072165289953129,1
28.719979524612427,-7.549304470682144,-2.259255130748312,1.625222243946299,2.618596774319486,-4.255738592251991,-0.018956681027544,-0.577230222129978,-0.252089799604045,-0.223641948433518,-4.011475082344357,-1.213626947611253,0.202661876518700,-0.843416504062428,0.079663857276382,1
28.729981422424316,-7.523139299310849,-2.301839485496424,1.625021459516615,2.612637018934802,-4.258316650510698,-0.021183224315204,-0.612829911292046,-0.262910117750379,-0.221471259213903,-3.115131949008759,-0.949615124421677,0.231024897504731,-0.842582315317448,0.087100628746960,1
28.739948034286499,-7.497131076141114,-2.344293678435103,1.624799374033622,2.606388584890452,-4.260979777476745,-0.023378622838179,-0.639648144591704,-0.271061994651206,-0.219035421307792,-2.275178877526558,-0.686198014900611,0.257478351218009,-0.841677733534147,0.094404175120074,1
28.750019311904907,-7.470914205875205,-2.387221041194717,1.624552857903762,2.599844809505108,-4.263740019121470,-0.025571102031096,-0.658507362741386,-0.276632639553545,-0.216315165958787,-1.478571373337832,-0.420097924554398,0.282427851078943,-0.840690248869588,0.101677015063763,1
28.759980201721191,-7.445050937345708,-2.429704450539785,1.624287469745922,2.593224703398712,-4.266511954195409,-0.027711344869783,-0.669519317373248,-0.279508387977632,-0.213386249343406,-0.740665132055426,-0.157447391643936,0.305389439537183,-0.839642097542072,0.108763773487610,1
28.770010948181152,-7.419073351405351,-2.472513808987152,1.623998829337390,2.586483675518806,-4.269318777254786,-0.029835128971899,-0.673421907591202,-0.279496649877625,-0.209403953904329,-0.043911752573000,0.274257023023825,0.834957372940263,-0.838517994411344,0.114409004426508,1
28.780000209808350,-7.393269867697911,-2.515175018494333,1.623690554509409,2.579765550063415,-4.272084292613844,-0.031859318234589,-0.670559082887137,-0.272946953761261,-0.193332680582715,0.609902582300638,1.027530694425929,2.358538310771241,-0.837362238260021,0.116982481472377,1
28.789979934692383,-7.367557782531918,-2.557822636739735,1.623363429388284,2.573114237779882,-4.274745272099899,-0.033647791912914,-0.661390200024986,-0.259172035645521,-0.162793747763858,1.220626484463368,1.723856988170250,3.738436364364554,-0.836182161300449,0.119504192269808,1
28.799994468688965,-7.341820955641939,-2.600646938237948,1.623018962038092,2.566561346071908,-4.277243435414493,-0.035069271324159,-0.646270025100918,-0.238636247805885,-0.118993831566797,1.792055507451938,2.368232096134727,4.985971632281500,-0.834972860076779,0.121985271736295,1
28.810014963150024,-7.316134254286125,-2.643519610859975,1.622662452454430,2.560184281455481,-4.279505714914229,-0.035992120398564,-0.625616603292775,-0.211894452600432,-0.063329994707057,2.323454299328659,2.960479518512169,6.102217832358932,-0.833738247440530,0.124418091269526,1
28.819974899291992,-7.290667436611526,-2.686150151874565,1.622301904910129,2.554077101295730,-4.281460093679193,-0.036303437245957,-0.600008557179055,-0.179687848027800,0.002444880693282,2.812773436947886,3.499069764447609,7.086238686253093,-0.832487304493614,0.126786741939264,1
28.830004692077637,-7.265083904628647,-2.729094610672918,1.621939193002500,2.548209215741820,-4.283077642622802,-0.035907514906228,-0.569489339005308,-0.142081492671646,0.077969536888137,3.267561108437207,3.992999148857164,7.956200286556471,-0.831204088907932,0.129122241035963,1
28.840081214904785,-7.239430909387353,-2.772266808162807,1.621582651886585,2.542642866724059,-4.284302064130235,-0.034709899180070,-0.534471964102530,-0.100936473307595,0.159552998479570,3.669153414185964,4.020682873573736,7.957591888604552,-0.829892495778110,0.131012173971259,1
28.849995851516724,-7.214248397957245,-2.814746378751141,1.621247649446974,2.537530236101480,-4.285108322992977,-0.032743690448401,-0.496327435623446,-0.062023369321059,0.236421444419077,4.020252140221084,3.831914161061024,7.550822513968056,-0.828585601319591,0.132624961777845,1
28.860017538070679,-7.188842301121007,-2.857692870576746,1.620932624563038,2.532763604968641,-4.285540472948672,-0.030001928287140,-0.454398655045845,-0.024512429922921,0.310073942639480,4.341878443495831,3.656580060684633,7.149432517290518,-0.827248430187943,0.134225575990004,1
28.870010614395142,-7.163552949394451,-2.900521269743616,1.620649455317951,2.528444296582231,-4.285605569281226,-0.026552718157738,-0.409539696390046,0.011218323677101,0.379562575012950,4.630445210266151,3.496601906837570,6.758863850726153,-0.825899188004430,0.135791996811360,1
28.880117177963257,-7.138019173836314,-2.943832846847235,1.620401629521708,2.524546304976640,-4.285316183260457,-0.022378060662169,-0.361400049369727,0.045800473865142,0.445916487347794,4.890786709051054,3.349271465105551,6.373614027160481,-0.824518919355829,0.137345967944174,1
28.890152692794800,-7.112702017788842,-2.986834314664471,1.620200570628384,2.521169779473896,-4.284690196472016,-0.017588532086446,-0.311149346924999,0.078735137839889,0.507998177043783,5.119106583694382,3.216740508845616,6.000658950163075,-0.823132997919690,0.138858965357581,1
28.899992227554321,-7.087908521008395,-3.028990376760046,1.620053034484982,2.518359228481613,-4.283761677728869,-0.012305239583697,-0.259793025369360,0.109800304363670,0.565281826200544,5.314858679816294,3.099515024822455,5.644130730522581,-0.821759477725969,0.140313448942375,1
28.909992456436157,-7.062735834708165,-3.071823954132662,1.619959211488119,2.516035772175857,-4.282495012450607,-0.006358881252310,-0.204008908497590,0.144873792815491,0.625024119155907,5.833664305440145,3.906561203013590,6.292918856099790,-0.820358527170231,0.139850461884080,1
28.920054912567139,-7.037428851144399,-3.114906300882306,1.619927961876125,2.514286464428477,-4.280826740093706,0.000258549777035,-0.142914561959613,0.187965401393401,0.691253674247529,6.300618226053855,4.646001655122346,6.855862848003900,-0.818953838751856,0.139353035176087,1
28.930175304412842,-7.011989498642857,-3.158219486514340,1.619967184475509,2.513170080563652,-4.278674800675859,0.007613886443498,-0.077007278975580,0.238430286005356,0.763113876355569,6.714970175622329,5.314615266515978,7.330216445948484,-0.817546156991784,0.138830446632684,1
28.939994812011719,-6.987318837160704,-3.200213452904620,1.620079882892929,2.512743502522105,-4.276068284024690,0.015465464110147,-0.009319085892344,0.293506533446890,0.836991814778403,7.065990771048552,5.894195690035787,7.706440375487520,-0.816185751281218,0.138302147314923,1
28.949993133544922,-6.962190101794535,-3.242959433388461,1.620277690670587,2.513008963734594,-4.272829428385381,0.024226284569367,0.062923469424779,0.355122064251285,0.915635909027090,7.374031554495414,6.417609941851263,8.008741633661787,-0.814805478735541,0.137742408364637,1
28.959999799728394,-6.937038866688416,-3.285697339651574,1.620567305663915,2.514012350966413,-4.268946606785364,0.033793786298497,0.138054293733628,0.421690411423854,0.996964458383733,7.634293429766679,6.876641680092013,8.233505728264090,-0.813430029821811,0.137160476752342,1
28.969992160797119,-6.911909176645311,-3.328332999392901,1.620956144147096,2.515776763785659,-4.264382890681011,0.044169769134423,0.215441215878499,0.492217285653291,1.079908304511025,7.844707541975319,7.139909292706335,8.297993778120063,-0.812064961521254,0.135026089957005,1
28.980000257492065,-6.886720733334712,-3.370982467435607,1.621453622957195,2.518328468500889,-4.259100263603628,0.055389854913812,0.294796481978499,0.563444729895639,1.162192208093222,8.008508744904280,7.089530705988429,8.141267645925483,-0.810739885830957,0.129802414496794,1
28.989994049072266,-6.861535220310421,-3.413520756232251,1.622066610238565,2.521677067965974,-4.253116063876316,0.067409009227764,0.375503478922614,0.633916246792912,1.242646999605431,8.135778518225365,7.007467955065353,7.953489614767130,-0.809468424642575,0.124638405536594,1
28.999996185302734,-6.836294122864938,-3.456026103921664,1.622804282702131,2.525841327315500,-4.246427096301890,0.080231844175162,0.457363256491983,0.703470079192658,1.321132280239747,8.227604412819813,6.896391607282872,7.736226392420215,-0.808247455848924,0.119523669878391,1
29.009990692138672,-6.811025369595348,-3.498430771582517,1.623673421885551,2.530824468837458,-4.239053999550146,0.093818335345773,0.539907871223201,0.771731088470728,1.397252003844992,8.284684962914925,6.759163225829364,7.491666554146191,-0.807078196624264,0.114465522996309,1
29.019998550415039,-6.785666999371688,-3.540817879515785,1.624683632873541,2.536643649794790,-4.230994129865042,0.108173647228888,0.622970167482190,0.838593214219181,1.470899599209085,8.307966592158390,6.598070871648790,7.221108184920021,-0.805957686972660,0.109453280926440,1
29.030009269714355,-6.760242586495299,-3.583127038652724,1.625841338839477,2.543295787106378,-4.222272205187577,0.123254314953930,0.706111395107249,0.903744170147490,1.541728295914735,8.298233029624072,6.415770467670133,6.926645028001130,-0.804886927701647,0.104493394992418,1
29.039997339248657,-6.734802165766125,-3.625255262610278,1.627150520105606,2.550756886557524,-4.212930431988584,0.138995675460643,0.786423554205105,0.965894575638038,1.609966928017619,7.543890113090696,5.933859432970468,6.792886248143809,-0.803849401918618,0.105098709513943,1
29.050096035003662,-6.709001498637274,-3.667750120389835,1.628637453206482,2.559064986606800,-4.202884000601318,0.155599356604386,0.857166032727762,1.022737471780059,1.678169711388290,6.479600579288902,5.329473115052488,6.706408598605932,-0.802770888522285,0.108488270952250,1
29.059994459152222,-6.683627788560891,-3.709301107101714,1.630260933467970,2.567850910011643,-4.192508680477696,0.172537194633549,0.916454090072246,1.072699028117519,1.743946647719732,5.511828020627428,4.770914706432237,6.576825120761796,-0.801680765767469,0.111766296828600,1
29.070035934448242,-6.657795682634287,-3.751345216489123,1.632082486607923,2.577315764308060,-4.181505769116111,0.190377818701760,0.967176551243849,1.117902001492772,1.809149371015031,4.602641694441146,4.237938707717225,6.402984657556160,-0.800541958586754,0.115046868934544,1
29.080035209655762,-6.631977160444428,-3.793097688723571,1.634077480383771,2.587201988945433,-4.170124950566505,0.208783380070194,1.008959657748165,1.157760308630943,1.872138653493594,3.766367614718392,3.740321390214215,6.190346665934292,-0.799375512134735,0.118268560421355,1
29.089994668960571,-6.606157542197076,-3.834574836827890,1.636250871784303,2.597425263823563,-4.158415721647529,0.227733305000274,1.042595898703008,1.192679859976860,1.932588266140365,2.998309028013885,3.276818553882844,5.942082662390315,-0.798181738695209,0.121433376973503,1
29.100005149841309,-6.580105843455576,-3.876138335287017,1.638628169868286,2.607999250115657,-4.146320786531860,0.247370674543202,1.069004274883206,1.223280636582352,1.990674544191120,2.288415260402555,2.842760238501702,5.658672608789098,-0.796950516913630,0.124569123513540,1
29.109999895095825,-6.553985776504701,-3.917518201234329,1.641200922721547,2.618799597937191,-4.133959903730479,0.267539659198555,1.092370187527390,1.249458777653337,2.044246931612822,2.386851461542799,2.400533059610713,5.061847329917326,-0.795709211988420,0.123806623707185,1
29.119969606399536,-6.527818652648507,-3.958676009532289,1.643971033869062,2.629811849497857,-4.121388978976672,0.288165005400045,1.116588159125153,1.271318748846516,2.091785967232404,2.467360016876522,1.988985115043026,4.475162362264252,-0.794478590339197,0.123030005799623,1
29.130079269409180,-6.501175282381137,-4.000275590518862,1.646991852331150,2.641227125003467,-4.108441772168819,0.309530440898187,1.141858324042804,1.289440796680049,2.134064601718884,2.528632277599235,1.601017917683892,3.890825727162077,-0.793238808467355,0.122242457525247,1
29.139989376068115,-6.474943956721416,-4.040927123481400,1.650164733694740,2.652667979308170,-4.095590541766910,0.330861061475286,1.167136099029169,1.303537071637533,2.169828303198107,2.569726163712158,1.248274124772024,3.328562055255856,-0.792031198726876,0.121470280226683,1
29.149948120117188,-6.448469685292344,-4.081647282866438,1.653567649235186,2.664418506195578,-4.082553206040506,0.352624628669561,1.192856630697547,1.314313028211562,2.200206561304507,2.593001359840621,0.920287340772660,2.774381898407457,-0.790825429323339,0.120694194406587,1
29.160014629364014,-6.421586773467339,-4.122678576814182,1.657229364447625,2.676558254371513,-4.069280987696883,0.374904810434305,1.219004618249997,1.322017595100755,2.225363033769006,2.599069874094226,0.614671124452870,2.225470340463556,-0.789614380872963,0.119909495408891,1
29.170124530792236,-6.394463647537397,-4.163751918344945,1.661133796992997,2.689015320525602,-4.055888756489032,0.397507927301965,1.245275414392988,1.326733985025319,2.245029384091866,2.607986845258355,0.302284790310099,1.630482001467976,-0.788407042853873,0.118552371755051,1
29.179983139038086,-6.367894697887768,-4.203669936380304,1.665161704964789,2.701418321549209,-4.042800788423212,0.419707576064934,1.271123959632502,1.328046710735198,2.257817096824955,2.632317602358170,-0.030661102938826,0.968670649984784,-0.787250134740506,0.116168422903453,1
29.190016746520996,-6.340723357768827,-4.244169863805275,1.669486988974747,2.714305828380871,-4.029481566975814,0.442401067326863,1.297563039958698,1.326172395010419,2.264278149586600,2.633574787794419,-0.337680780124832,0.323931894788668,-0.786096543443700,0.113764466900870,1
29.199973106384277,-6.313634656670050,-4.284222210840243,1.674003838076085,2.727354793495421,-4.016299423123460,0.464950333280043,1.323697261339884,1.321420542379783,2.264436198311330,2.612754705625955,-0.611958792966868,-0.287544409700870,-0.784975670570383,0.111401839386431,1
29.209979534149170,-6.286276219712689,-4.324345932166543,1.678769740799376,2.740730790191029,-4.003111282395429,0.487585485497064,1.349650310846131,1.314039189274487,2.258599761556825,2.571033844990743,-0.858594100842786,-0.874378501511525,-0.783872696074270,0.109049894232718,1
29.220263242721558,-6.258022140784841,-4.365439640461361,1.683902684551273,2.754743811922485,-3.989648814805903,0.510753634603333,1.375779752395971,1.304031370943137,2.246629797740487,2.507835212876054,-1.083178392409775,-1.449045933035400,-0.782763687412104,0.106656741557798,1
29.230103731155396,-6.230843808633971,-4.404641516025039,1.689037910122765,2.768404051030567,-3.976870562228077,0.532785514310632,1.400088717141363,1.292421109275309,2.229770919241417,2.429335370898607,-1.272093925204905,-1.972724179754394,-0.781725184415004,0.104388725683791,1
29.240101814270020,-6.203094696394187,-4.444338220558361,1.694475839803655,2.782522136182263,-3.964014838826820,0.554971821585733,1.423909968659793,1.279051740731511,2.207500906008808,2.333713014329783,-1.378323909269527,-2.477138949089746,-0.780690182041324,0.102932430159495,1
29.249991655349731,-6.175507320542831,-4.483477486616142,1.700071685942460,2.796716148298345,-3.951434272920515,0.576673679999102,1.446478406482304,1.265109011616034,2.180651230812984,2.228934247155226,-1.439648656475393,-2.948441472570616,-0.779677285794100,0.101913748510105,1
29.260011434555054,-6.147411862952361,-4.523006723309080,1.705958779636003,2.811319539519989,-3.938831333864669,0.598367664082508,1.468241953550059,1.250416995266154,2.148827955418014,2.113722712616871,-1.491229882673266,-3.399227890294749,-0.778661287892152,0.100885333394328,1
29.270109415054321,-6.118950019317806,-4.562714662833347,1.712109596359547,2.826250437436153,-3.926282313294384,0.619884285227212,1.488962539398135,1.235140286115602,2.112323143051658,1.989109180551994,-1.533021850373053,-3.827042360206277,-0.777647838323972,0.099852733074283,1
29.280035972595215,-6.090819371929419,-4.601631327807472,1.718366801824925,2.841127680665230,-3.914096836239894,0.640658717943297,1.508068850992287,1.219756933940350,2.072347823211484,1.858937288439263,-1.564671988586138,-4.222496336402012,-0.776661596888029,0.098841204469134,1
29.289994001388550,-6.062452949481655,-4.640546868068793,1.724848381056433,2.856234632513732,-3.902028740551496,0.661079124306524,1.525900457570857,1.204055255422794,2.028427365619789,1.721389880736053,-1.587534115424839,-4.594825889059540,-0.775682393435900,0.097830239260448,1
29.300183057785034,-6.033271794260287,-4.680241711574365,1.731688457444347,2.871868583672042,-3.889843534620109,0.681501629093025,1.542694640915760,1.187798589654844,1.979774767528647,1.578704046162111,-1.594636070632143,-4.951497616346511,-0.774690872776068,0.096796900855960,1
29.310069561004639,-6.004802713868416,-4.718641775265452,1.738522235834636,2.887200380268248,-3.878170401462127,0.700827590378823,1.559027585518392,1.174319272657710,1.929142245437330,1.721909740391260,-1.141398334265251,-5.287266858967326,-0.773739675697725,0.095621610838838,1
29.320053339004517,-5.975899556566662,-4.757302213911303,1.745614397001193,2.902853325782707,-3.866496225805428,0.719818860719032,1.576854183876951,1.164980376192499,1.874756716196399,1.845690082591827,-0.738200473108523,-5.603775991173998,-0.772790940497244,0.094433526106043,1
29.330112934112549,-5.946621403903277,-4.796134169337616,1.752948497872050,2.918809158740885,-3.854809532071084,0.738387355502451,1.595956380315274,1.159381784200891,1.816882086994196,1.948962866413851,-0.383257777220039,-5.900233608138608,-0.771847115172728,0.093235281024229,1
29.340005874633789,-5.917666682470239,-4.834213801676913,1.760341446416723,2.934695015699355,-3.843353197088481,0.756068860055617,1.615652934682446,1.157124163377590,1.757156437858181,2.029373235459940,-0.080491432777669,-6.170368555598971,-0.770930556891352,0.092055465736753,1
29.349997043609619,-5.888261854321542,-4.872559295055711,1.767982861964910,2.950941211648505,-3.831790542229072,0.773314273802523,1.636247410504379,1.157667553962927,1.694226186726952,2.089178848555374,0.182363784990453,-6.422113290581311,-0.770016686014792,0.090862589401540,1
29.360093355178833,-5.858383061233981,-4.911189022638060,1.775876099607867,2.967569294777260,-3.820088527920309,0.790089111693671,1.657554536585636,1.160679278393095,1.628187776993868,2.127733207293555,0.407767154311027,-6.655482488169198,-0.769105356277951,0.089655930154364,1
29.370094299316406,-5.828621317636001,-4.949335393597021,1.783858042812009,2.984252940521448,-3.808457124409300,0.806036058169258,1.678726735427758,1.165600167214360,1.560526138137850,2.023283660911408,0.524095741752585,-6.883711410818161,-0.768214377234247,0.088645648142407,1
29.380062341690063,-5.798791152387043,-4.987239357397354,1.791968830454707,3.001081200963617,-3.796813297028512,0.821245020491799,1.697261031927658,1.170609733367770,1.490689454844168,1.700941071905030,0.477514353793292,-7.125614255864683,-0.767334009983840,0.087996073339291,1
29.389990091323853,-5.768914702305676,-5.024873601121342,1.800193836916459,3.018009294522920,-3.785169810694335,0.835688656588634,1.712679465095834,1.175039009098119,1.418832783636559,1.410004776162791,0.411962500574162,-7.347910230647964,-0.766463671120158,0.087346477056999,1
29.400027275085449,-5.738535166722638,-5.062807689875800,1.808652222996888,3.035266611532755,-3.773356012163010,0.849556392699909,1.725468298589434,1.178774565327663,1.344029432863245,1.142343880146518,0.330048118220966,-7.553831460333375,-0.765590245250285,0.086686971340704,1
29.410044670104980,-5.708040763984436,-5.100550382604631,1.817229343841118,3.052605691953823,-3.761531882530979,0.862638765255214,1.735670921244838,1.181619520784856,1.267403368966825,0.897983133525809,0.236182937835170,-7.740556152873349,-0.764725114065936,0.086026025684684,1
29.420013189315796,-5.677525892573763,-5.137986752973654,1.825889844495220,3.069947763185610,-3.749743376342258,0.874884891371902,1.743490960297906,1.183470800615540,1.189396195015029,0.673935901425226,0.134071143154536,-7.907830780331100,-0.763870891861765,0.085365697302181,1
29.430013895034790,-5.646736222012856,-5.175428524397040,1.834697675658052,3.087414479504337,-3.737902630737743,0.886381942723606,1.749174412179074,1.184274420813358,1.109547940077022,0.465044145162656,0.025927115884404,-8.057255807690279,-0.763020478360413,0.084700496845989,1
29.440120220184326,-5.615443668979102,-5.213145391469211,1.843711225325801,3.105111974928513,-3.725933450511042,0.897182040591296,1.752430841033303,1.184331780106592,1.027525984148369,0.140791053409869,0.018762053547163,-8.161549074409821,-0.762169259195419,0.083605437076286,1
29.449994325637817,-5.584699516923040,-5.249876141283903,1.852618441222907,3.122416082614697,-3.714238540717361,0.906928403264448,1.752139555000094,1.184605305296618,0.946578264773241,-0.190985174934758,0.030279001435968,-8.232530285201321,-0.761350073481754,0.082329892939405,1
29.459991455078125,-5.553396058162376,-5.286949546747365,1.861731268565024,3.139918366943688,-3.702394355869433,0.915979288313115,1.748763206268988,1.184815077256216,0.863982298374362,-0.476604565300803,0.006217845332680,-8.288377139230636,-0.760533415274893,0.081046038030754,1
29.470189332962036,-5.521284716966623,-5.324644504796257,1.871115772095428,3.157722806128557,-3.690312268370765,0.924358313050461,1.742611407991855,1.184620650527191,0.779235943493265,-0.722864063429317,-0.048997466402655,-8.329380153809039,-0.759713561527739,0.079744390164410,1
29.480123519897461,-5.489829447647756,-5.361246313681445,1.880335608817014,3.174995093553064,-3.678547635985969,0.931687911943129,1.734396382695939,1.183764765412551,0.696353942342284,-0.925385239753290,-0.126811616952302,-8.354439848334319,-0.758927632011275,0.078484125988977,1
29.489995002746582,-5.458403949472122,-5.397500506626669,1.889565114888563,3.192067775755155,-3.666870071094538,0.938154524358435,1.724397205327872,1.182054026351081,0.613820001959319,-1.095880358970748,-0.222434684515377,-8.365383934512570,-0.758159045711822,0.077239399683849,1
29.499969005584717,-5.426479906709138,-5.434015995965044,1.898951643994899,3.209210290680558,-3.655092825019323,0.943860781930391,1.712716567616803,1.179294612367022,0.530382978080007,-1.242387471898801,-0.332797538802506,-8.362895187669499,-0.757394881927323,0.075989333013268,1
29.512066602706909,-5.387533522488762,-5.478145050846761,1.910405756174474,3.229837305658284,-3.640856763940387,0.949665051059630,1.697525822541659,1.173950668251897,0.429275727038087,-1.273298826536322,-0.545114564965598,-8.348942042801877,-0.756474862252954,0.076128304111208,1
29.519994735717773,-5.361872153396776,-5.506975132563498,1.917948079473041,3.243255962601411,-3.631567397446630,0.952806405799197,1.687297245592351,1.169142947269641,0.363164744627360,-1.308817483800566,-0.665191913004819,-8.325872448434749,-0.755870908766735,0.076218435595940,1
29.530086994171143,-5.329054673901373,-5.543566428493938,1.927581118079480,3.260216983985667,-3.619804323636323,0.956048226169611,1.673794560791396,1.161742474414073,0.279346103266930,-1.369776168371195,-0.797743252369832,-8.282025248670591,-0.755101154622395,0.076323188641629,1
29.539990663528442,-5.296684702357544,-5.579358934085986,1.937061864433254,3.276725352344743,-3.608339807496842,0.958409498296880,1.659870574198647,1.153281868142672,0.197596509243550,-1.444335013442764,-0.907681334593817,-8.224688847384080,-0.754344810873503,0.076415123305175,1
29.549995422363281,-5.263818242310163,-5.615402797808322,1.946659268497109,3.293258648186380,-3.596848276248319,0.959975935508711,1.644990703296316,1.143721711213741,0.115652582476418,-1.532029581821518,-1.000499982514153,-8.153870594263708,-0.753579858659955,0.076497074430711,1
29.559991359710693,-5.230818689607565,-5.651297988429805,1.956259093590449,3.309622966272970,-3.585467566132235,0.960725937648386,1.629196427442259,1.133326951657990,0.034553080025719,-1.629762882884373,-1.076813484657901,-8.071588709995499,-0.752814871661313,0.076567983380823,1
29.570002079010010,-5.197604832497311,-5.687135344906192,1.965877265776497,3.325849314316123,-3.574176999437455,0.960668819433357,1.612299185977645,1.122158303438762,-0.045863016314605,-1.770907802269919,-1.181147421520098,-8.023625554628000,-0.752051254035217,0.074655569149589,1
29.580121278762817,-5.163867665919454,-5.723245915063397,1.975594727182016,3.342070101929519,-3.562885576619677,0.959792018377276,1.593277057092669,1.109172834235544,-0.127685904878033,-1.988213703253296,-1.389627010807964,-8.173878567055707,-0.751326352653745,0.068630367461522,1
29.589993953704834,-5.130796774403465,-5.758365608771418,1.985062441442487,3.357698957579583,-3.552006895682781,0.958129100861055,1.572615727990871,1.094359897193285,-0.209663338621720,-2.196933868091737,-1.614238905329387,-8.453098358466200,-0.750677514071365,0.062830090134669,1
29.600032091140747,-5.097011269751500,-5.793967976767513,1.994668725220169,3.373371629956634,-3.541106408954421,0.955592321020641,1.549513419264199,1.076944596778035,-0.296389859382116,-2.404982675232910,-1.857362070915787,-8.840406666084117,-0.750076061923399,0.057010884454924,1
29.609994888305664,-5.063328980678825,-5.829191645484394,2.004172232029240,3.388685315795533,-3.530474071408413,0.952193648733556,1.524546680893240,1.057201910856669,-0.386694782779903,-2.606486243002240,-2.107125901288113,-9.299488212615820,-0.749536553038295,0.051314642564855,1
29.619998931884766,-5.029349333211656,-5.864461478226178,2.013677999761814,3.403804640088961,-3.520006461331253,0.947850979529279,1.497479835124959,1.034851325797511,-0.482256025961566,-2.803174671753314,-2.360781894938370,-9.809303367052850,-0.749051439999118,0.045672667271179,1
29.629997730255127,-4.995243441155631,-5.899603476410844,2.023128933064226,3.418633266195471,-3.509782128736853,0.942530222563476,1.468496987178935,1.009988645710653,-0.582990625799650,-2.993403970756565,-2.611912662576169,-10.343789037182765,-0.748622657173742,0.040113483759657,1
29.644954204559326,-4.943969067578641,-5.951966794514282,2.037149724120706,3.440243006857547,-3.494978612633385,0.932649716459940,1.421480538724007,0.970470500344763,-0.737944285190330,-3.292470810809961,-2.589923290576703,-10.153064244295901,-0.748063325042687,0.035568725457558,1
29.649993181228638,-4.926596883312962,-5.969584783006712,2.041844833180054,3.447371353425051,-3.490115917742718,0.928798709688134,1.404657463266032,0.957491593631399,-0.788742171324030,-3.375525248945940,-2.557266430734583,-9.986992376346189,-0.747886793663137,0.034422676791253,1
29.659993410110474,-4.892052713305804,-6.004439288372763,2.051091943058033,3.461247088839623,-3.480667834773212,0.920417224118405,1.370205854557004,0.932151203326323,-0.886967608843787,-3.507760883089647,-2.515515583146871,-9.657622324797471,-0.747553835658382,0.032172145068200,1
29.669990777969360,-4.857378981842782,-6.039193123058626,2.060248424622177,3.474769490131642,-3.471473482445710,0.911072039475314,1.334637114773729,0.907097020308466,-0.981878837162293,-3.601347333533572,-2.500316571296396,-9.328267451290646,-0.747243305398092,0.029950557288695,1
29.680042743682861,-4.822385566647472,-6.074041200267819,2.069354889448749,3.488001505671972,-3.462482144255232,0.900737040945366,1.298108890372880,0.881947343706431,-1.073978126039345,-3.661640639317557,-2.507183734092362,-8.997267952677142,-0.746953362398622,0.027745789087569,1
29.689997911453247,-4.787597370761792,-6.108468324594471,2.078267405412175,3.500742631696774,-3.453826582681705,0.889604704444926,1.261479247798834,0.856878615049672,-1.161918826108140,-3.692738344403128,-2.531601726960090,-8.669717239895654,-0.746687893853859,0.025590448096151,1
29.701021194458008,-4.748935227905081,-6.146486053962628,2.088000424914475,3.514422487578958,-3.444536358762685,0.876278340632352,1.220727330368751,0.828759855277214,-1.255476798550007,-3.675429930970997,-2.557926696055496,-8.294529685433321,-0.746418497570319,0.023935683570545,1
29.711395978927612,-4.712407985918756,-6.182179063130588,2.097022740845369,3.526894405066118,-3.436073239052515,0.862814953407117,1.183931998804333,0.802911450590707,-1.339040970002601,-3.421202635091773,-2.424836248698268,-7.815539954058671,-0.746142141786949,0.029323716534997,1
29.720033168792725,-4.681904259917459,-6.211824935719930,2.104423653098751,3.536994288100599,-3.429227968309525,0.850963781608515,1.155239757741852,0.782448490557248,-1.404840697621323,-3.225608120459488,-2.313878119689289,-7.423049676902821,-0.745869753132987,0.033745328275294,1
29.729994297027588,-4.646610785045911,-6.245949551089698,2.112830308395050,3.548346609805209,-3.421545671535003,0.836607350135718,1.124157756102891,0.760034681523834,-1.476565608484855,-3.017341720448357,-2.185843026493812,-6.977480878910614,-0.745508458852905,0.038774022917264,1
29.740066289901733,-4.610813651260472,-6.280374778482759,2.121180938934865,3.559519922598743,-3.413998939351803,0.821388255861742,1.094749827371615,0.738669400577426,-1.544610575200609,-2.824897084840575,-2.056500791207547,-6.534943958007868,-0.745092630394530,0.043780217411270,1
29.749992847442627,-4.575427239993637,-6.314227160262718,2.129257156533198,3.570250490153339,-3.406765896235026,0.805741072186510,1.067579346449373,0.718887528067056,-1.607346955210311,-2.652291441883604,-1.929296879190154,-6.106797502373394,-0.744633886190260,0.048636943618778,1
29.760025024414062,-4.539570231460957,-6.348355613199274,2.137255587483158,3.580825910116633,-3.399651495374368,0.789322088091446,1.041786761515596,0.700182549618341,-1.666453300845596,-2.494321643123762,-1.801200392856500,-5.682417792893493,-0.744121857731755,0.053466149769178,1
29.769976139068604,-4.503873002007243,-6.382163691515725,2.145029558344666,3.591075323490045,-3.392768634825910,0.772458273443565,1.017618706762349,0.682802684783453,-1.721039802767009,-2.385385243833987,-1.723140924217945,-5.319289277551617,-0.743569146661140,0.056319977090093,1
29.781888484954834,-4.461024196611025,-6.422530758758665,2.154107581344568,3.603029076652778,-3.384757757942464,0.751587013830152,0.989454166536775,0.662158713063086,-1.782552084285367,-2.344723478926812,-1.741291815101626,-5.008253948032680,-0.742904950632302,0.055197787723032,1
29.790020465850830,-4.431689343948888,-6.450036223607587,2.160160616270947,3.610998730716596,-3.379430295918749,0.736926778943925,0.970481692721207,0.647966165708781,-1.822417815805997,-2.321616215969230,-1.748233165287828,-4.795534562261378,-0.742459139335481,0.054437294615824,1
29.800060987472534,-4.395386232026247,-6.483933491902779,2.167466744181118,3.620625816746789,-3.373012872398313,0.718392335037988,0.947295440221443,0.630394761509013,-1.869246437379599,-2.298026120249927,-1.750981042760121,-4.532845791093114,-0.741917273592993,0.053504772226356,1
29.810063123703003,-4.359124371322904,-6.517640387611046,2.174558121640298,3.629986391624747,-3.366794987001689,0.699473043356945,0.924405663243022,0.612892720858610,-1.913277696718255,-2.279675391617118,-1.747603411650291,-4.271384441093680,-0.741386716048625,0.052582701500265,1
29.819943428039551,-4.323214246477150,-6.550875711937241,2.181375064429896,3.639008765565067,-3.360824596690685,0.680364985990143,0.901951553197901,0.595665984627662,-1.954206598840807,-2.266318516497951,-1.738560913746274,-4.013684837310081,-0.740871654449548,0.051678697105710,1
29.830107212066650,-4.286179347215270,-6.585006343631409,2.188188991484083,3.648059752899759,-3.354859528614911,0.660298667216799,0.878965574542825,0.578065546816617,-1.993660111460968,-2.257242797561095,-1.723631685494033,-3.749501624798022,-0.740351063054778,0.050755756509803,1
29.839999198913574,-4.250053635818284,-6.618161371251860,2.194621911263251,3.656642981148678,-3.349226053006551,0.640400404435170,0.856519622001831,0.561030311195278,-2.029331845802692,-2.295801290823179,-1.728066615927320,-3.449394057300106,-0.739857186635133,0.048741972527332,1
29.849957942962646,-4.213596845084022,-6.651487123536756,2.200898161427487,3.665057835418470,-3.343724930550189,0.620025540882748,0.833368861489531,0.543758923656526,-2.062091481959417,-2.352951471756412,-1.739872272561781,-3.130865897302829,-0.739384522273958,0.046189931308220,1
29.859955072402954,-4.176913785510492,-6.684889484097425,2.206993369143951,3.673271033449996,-3.338375737737608,0.599258342722767,0.809575243374843,0.526323297866603,-2.091820216410532,-2.406246159034459,-1.747371336638841,-2.817358176300541,-0.738935411617091,0.043658885548179,1
29.869993209838867,-4.139998850351652,-6.718375925440256,2.212903230245464,3.681275954733742,-3.333180298337140,0.578122615297710,0.785167742006815,0.508762190739089,-2.118549260223998,-2.455837954367461,-1.750638622996160,-2.508962049415118,-0.738509762378416,0.041148725909994,1
29.879964113235474,-4.103255460360399,-6.751584949650784,2.218561788235520,3.688981757010254,-3.328194622580257,0.556879552751813,0.760451318905153,0.491308096694798,-2.142064875406897,-2.501390603306425,-1.749778984124581,-2.209069561299199,-0.738111782558397,0.038686571534129,1
29.889991998672485,-4.066224079911068,-6.784936087710262,2.224038180030431,3.696481159931078,-3.323355640869681,0.535292558865705,0.735152199970182,0.473782202839002,-2.162732538886444,-2.543666431817262,-1.744910374006778,-1.913965128458762,-0.737736115171784,0.036241405161827,1
29.900070428848267,-4.028932451900276,-6.818406530718964,2.229322935088897,3.703760478036112,-3.318669146588967,0.513403341428978,0.709316252906525,0.456237422514608,-2.180555622131085,-2.582759838223152,-1.736093581540014,-1.624027372280172,-0.737383110009711,0.033815474685767,1
29.910673379898071,-3.989624073278784,-6.853567334256603,2.234643412450304,3.711135337901641,-3.313928730806790,0.490198458531733,0.681798787009151,0.438042753784144,-2.196170336139673,-2.607263883756588,-1.696084166812119,-1.322912356242784,-0.737038083300226,0.031274054321845,1
29.919992208480835,-3.955013160201480,-6.884428897384298,2.239115735878844,3.717375108994138,-3.309920026389165,0.469680085278557,0.657416605664459,0.422400444884664,-2.207293093452848,-2.625377427212275,-1.661288066417687,-1.065491470763369,-0.736756962524524,0.029067133144172,1
29.930099248886108,-3.917406598297837,-6.917862678800862,2.243750113222546,3.723885560143432,-3.305734828823531,0.447320064452720,0.630795400445201,0.405798160395324,-2.216683205063006,-2.641663427294425,-1.623901452393433,-0.793866691739597,-0.736475145615275,0.026701597737742,1
29.940048933029175,-3.880323434931808,-6.950734662255582,2.248091066762653,3.730030937462971,-3.301776948648467,0.425229258175815,0.604444653796809,0.389822427467224,-2.223283721731827,-2.654500540803920,-1.587361563248270,-0.534143665846544,-0.736220932349929,0.024401698230839,1
29.949998855590820,-3.843181322606903,-6.983567263625671,2.252211837988644,3.735913403218735,-3.297976309368912,0.403086039916305,0.577981670070115,0.374209734016707,-2.227337553845323,-2.664387300054284,-1.550987540469936,-0.281976303630515,-0.735989466262344,0.022130379768174,1
29.959996223449707,-3.805804474256963,-7.016519116691662,2.256130201727859,3.741558287239799,-3.294312183386925,0.380809093462806,0.551307352636126,0.358886656820465,-2.228921462376821,-2.671565336873925,-1.514512232071200,-0.036152070999119,-0.735779513845350,0.019876960425626,1
29.972449302673340,-3.759169558975958,-7.057515318585137,2.260699546639088,3.748215927445222,-3.289959130933907,0.353057947558796,0.517798677421488,0.340385269691366,-2.227340161491284,-2.745314172097930,-1.444435113149357,0.320968964323733,-0.735551975646147,0.016169208778875,1
29.979996204376221,-3.730865804998206,-7.082336293455922,2.263300798234153,3.752045012354788,-3.287430784289174,0.336258902480657,0.496788226342209,0.329665404261269,-2.223969513857977,-2.818908271393157,-1.398821592017924,0.570717656364079,-0.735440814204948,0.013292753449689,1
29.990045309066772,-3.693138299401993,-7.115354052659150,2.266567566417994,3.756893449825498,-3.284187975847369,0.313945302953271,0.468092734673313,0.315821791164896,-2.216620521665544,-2.887029429532381,-1.360509360441919,0.889359262828989,-0.735326292828526,0.009509536581585,1
29.999998807907104,-3.655720456922504,-7.148028574270746,2.269582846256319,3.761408966640570,-3.281111418307699,0.291930724649761,0.439145729169520,0.302376032392434,-2.206260522693207,-2.924660742698711,-1.344487488128074,1.189785665067754,-0.735250070743259,0.005814421003416,1
30.010036945343018,-3.617943081139260,-7.180948250691006,2.272402215179449,3.765669324687427,-3.278143971635746,0.269849867994345,0.409709291510678,0.288882330437127,-2.192859709868119,-2.936484792947507,-1.346967721525395,1.477868114192060,-0.735210188482194,0.002140939134864,1
30.020000934600830,-3.580397644495390,-7.213601428873339,2.274982692384021,3.769606437514362,-3.275332323597680,0.248075557514344,0.380482086335154,0.275382539407207,-2.176767231708297,-2.925985825472768,-1.364699802222149,1.749526685794040,-0.735206807041779,-0.001453580195574,1
30.030045509338379,-3.542520247734398,-7.246482407133239,2.277364677968079,3.773280531799450,-3.272635903277501,0.226306628056993,0.351229465716157,0.261534230591741,-2.157880505012800,-2.896532244741180,-1.394874715199116,2.009279091330294,-0.735239375874693,-0.005023359302764,1
30.039997816085815,-3.504946881428005,-7.279043080250032,2.279510618761954,3.776633118038511,-3.270102320144862,0.204931918694215,0.322383027930540,0.247540239925276,-2.136828502348334,-2.920672827548018,-1.411033878295997,2.200418196332685,-0.735308987162997,-0.009193621159861,1
30.050083160400391,-3.466842341811565,-7.312010840878482,2.281469137781600,3.779735219583754,-3.267677853902816,0.183495831250141,0.292729430350870,0.233211394364529,-2.113850513274409,-2.955081058125259,-1.433783524761854,2.354591526377212,-0.735424621983747,-0.013726577109904,1
30.059988975524902,-3.429388002595941,-7.344367866787297,2.283183451106352,3.782489670829597,-3.265438689589311,0.162674796119201,0.263399321223964,0.218824494267495,-2.089817107505691,-2.962876055274318,-1.473624892218511,2.496356206252411,-0.735582375136504,-0.018114134846555,1
30.069993019104004,-3.391534222130524,-7.377025533716822,2.284706737576747,3.784976677032401,-3.263324106468194,0.141894873628783,0.233813394375641,0.203820328577080,-2.064165182769051,-2.948318616550956,-1.528018947949057,2.630333882949298,-0.735785489333900,-0.022480433852464,1
30.081212759017944,-3.349052840850223,-7.413627494077220,2.286169495887655,3.787415179544669,-3.261134915571009,0.118903539403558,0.200930810520579,0.186272172816667,-2.033858235662610,-2.909526876573988,-1.601936261252686,2.770207038332903,-0.736064831743163,-0.027299628817513,1
30.090116262435913,-3.315327567321624,-7.442652718612495,2.287147772312684,3.789089232120325,-3.259540949615732,0.100908181637103,0.175219415211860,0.171722405461211,-2.008730483585373,-2.864826039845447,-1.667566916823188,2.873804028487986,-0.736324667125615,-0.031065003122558,1
30.100126743316650,-3.277385044091297,-7.475277075857572,2.288057826894693,3.790700850379140,-3.257906626453219,0.080943781562532,0.146839767696938,0.154638040853889,-1.979407036362226,-2.801075432479853,-1.742224257731300,2.982125375455203,-0.736656612573548,-0.035211472435514,1
30.110024213790894,-3.239861753134621,-7.507513252694628,2.288762467753757,3.792020905941874,-3.256456536056698,0.061500011836597,0.120319801096233,0.138882649706739,-1.949783835212138,-2.558203306494403,-1.448651427747849,3.004323615853267,-0.737012018942172,-0.036606534049162,1
30.119991779327393,-3.202058067036204,-7.539966301652912,2.289279122213542,3.793097178555484,-3.255139762909453,0.042214580337960,0.096034010513058,0.125746192492451,-1.919722282918854,-2.315041316531263,-1.193625503877486,3.027548826690339,-0.737383831021702,-0.037992958629978,1
30.129992246627808,-3.164121800946906,-7.572512346127043,2.289605792792670,3.793945811562785,-3.253938166108528,0.023168701396876,0.074089851268221,0.114931633323739,-1.889326089619523,-2.074388710919801,-0.975193576779131,3.051687100801853,-0.737770645926399,-0.039365117243661,1
30.139991283416748,-3.126179915068872,-7.605045329091655,2.289743522047778,3.794586928185705,-3.252834427418477,0.004428898064367,0.054529364192120,0.106128772681412,-1.858685955843549,-1.838782865668788,-0.790817599991125,3.076620551706251,-0.738171069280836,-0.040718405326050,1
30.150169849395752,-3.087557569029832,-7.638146051869500,2.289692874504395,3.795050727694932,-3.251792422340655,-0.014328294836999,0.037006970077572,0.098900063706717,-1.827240888014219,-1.605820657109496,-0.634723431258119,3.102766744675967,-0.738592412793103,-0.042076454290408,1
30.160105228424072,-3.049848918761495,-7.670450609260123,2.289460825200311,3.795342803115738,-3.250838935976722,-0.032329913734001,0.022148395802688,0.093234935486214,-1.796282522125151,-1.386537789243368,-0.509903212285510,3.128989111340890,-0.739016986827998,-0.043383453533725,1
30.169995307922363,-3.012313618478022,-7.702595633216746,2.289053758669723,3.795497333850435,-3.249940163519744,-0.049940977212513,0.009343461637929,0.088639907085679,-1.765197970838901,-1.257221443867371,-0.449334505108939,3.160636740544397,-0.739449286586200,-0.042805354542275,1
30.180176496505737,-2.973670682124976,-7.735679373280053,2.288454370654128,3.795526976797100,-3.249061554372232,-0.067748288788050,-0.003539894456458,0.083892754326379,-1.732817903970731,-1.268803286897779,-0.485779338259734,3.199073882864997,-0.739862979249529,-0.038469456871483,1
30.190026521682739,-2.936285019381296,-7.767678720790641,2.287703497576588,3.795430690743943,-3.248259509470115,-0.084660866453623,-0.015987542189015,0.078879297263789,-1.701147605134966,-1.254873895737521,-0.534022875865392,3.230535793161610,-0.740221449827719,-0.034324430178698,1
30.199991703033447,-2.898462958979951,-7.800045163978079,2.286775880384729,3.795209557348211,-3.247500894376145,-0.101452643103992,-0.028334430080541,0.073273045814083,-1.668817031716600,-1.219915006443812,-0.592467870296823,3.257193734500861,-0.740542818623916,-0.030180721864192,1
30.209989309310913,-2.860518851022979,-7.832511161023052,2.285678654961528,3.794866090415267,-3.246798965698808,-0.117974821452173,-0.040283490896167,0.067027449320840,-1.636136651184525,-1.167770492941049,-0.657714829583028,3.279236728026656,-0.740824001695673,-0.026073749917188,1
30.220043897628784,-2.822367980149289,-7.865150792407938,2.284410416668635,3.794403126154766,-3.246159479234469,-0.134258279617074,-0.051702723670244,0.060068238368231,-1.603074193080922,-1.101893947686346,-0.727061025291929,3.297151875466712,-0.741065596871857,-0.021994881237312,1
30.230120658874512,-2.784134591012910,-7.897859417554984,2.282976666173079,3.793827422236535,-3.245592281298412,-0.150244796855470,-0.062430499205115,0.052385987802231,-1.569774492243256,-1.025880946729898,-0.797608825233663,3.311300917233782,-0.741266855721641,-0.017957869415242,1
30.239995718002319,-2.746674430477461,-7.929906636033204,2.281417020953301,3.793162359874108,-3.245114968809640,-0.165584811497504,-0.072099664027485,0.044178589543484,-1.537201549830809,-0.926369275472201,-0.863046318650675,3.268398246735853,-0.741426184853749,-0.014447989001306,1
30.250026702880859,-2.708626342413764,-7.962458581017887,2.279679122700972,3.792394232263253,-3.244716179360430,-0.180842236718257,-0.080868166234447,0.035235511813073,-1.504752653449918,-0.823348575905301,-0.917932939943941,3.201503442468650,-0.741554386529603,-0.011118367352373,1
30.259993076324463,-2.670836785325881,-7.994792717012385,2.277802714495022,3.791549022949914,-3.244411374353805,-0.195680163851369,-0.088601345041695,0.025864187718023,-1.473163405120669,-0.730099461301763,-0.960913099768007,3.138713204222653,-0.741648880560394,-0.007852516480762,1
30.269990205764771,-2.632936724429902,-8.027226386496322,2.275773378829203,3.790628227819039,-3.244201403718791,-0.210251728570047,-0.095469322573122,0.016088631225222,-1.442085443485875,-0.645327020877299,-0.992949925233798,3.079237325936078,-0.741711181586048,-0.004618262528627,1
30.279990911483765,-2.595032645464949,-8.059670052032651,2.273599109649608,3.789642503497570,-3.244090561000174,-0.224520566496931,-0.101534392086752,0.006042657262688,-1.411574314387425,-0.568984369283637,-1.014370730567761,3.023106317319793,-0.741741364275999,-0.001424850563128,1
30.290014266967773,-2.557052001211920,-8.092187365699315,2.271278199674794,3.788597358537859,-3.244081180611074,-0.238518646049294,-0.106888399706189,-0.004189816065289,-1.381540350207339,-0.500632257174726,-1.025644248783319,2.970073372871201,-0.741739781040215,0.001733719219932,1
30.299990415573120,-2.519260887157888,-8.124551953510560,2.268830383589147,3.787507115726514,-3.244174084906546,-0.252154461291169,-0.111576120033291,-0.014437574881689,-1.352160256560827,-0.440401640760713,-1.027187187218704,2.920349820380803,-0.741706977689888,0.004835512133302,1
30.310022592544556,-2.481270536391365,-8.157098207464877,2.266233235883491,3.786365910826085,-3.244370422458938,-0.265572488888755,-0.115912178138207,-0.024684646597898,-1.322919850227624,-0.424630331197307,-1.015099916998703,2.909187418230021,-0.741662392834828,0.004035138553739,1
30.319996356964111,-2.443512952129818,-8.189457415184465,2.263519226087130,3.785188967137084,-3.244666860797498,-0.278622163595128,-0.120079373668357,-0.034734855080225,-1.293962245825332,-0.411389695914525,-0.999736589993094,2.897593512907353,-0.741626168778612,0.003230749519274,1
30.330174207687378,-2.404994155057335,-8.222483124090653,2.260616940018932,3.783945713574161,-3.245071854320204,-0.291642052515204,-0.124207259592526,-0.044816280919941,-1.264534118242946,-0.400138449836328,-0.980771682557925,2.885069444635456,-0.741597415703882,0.002421299926658,1
30.340022087097168,-2.367737302018150,-8.254441755042672,2.257684097735772,3.782703312992262,-3.245560410664932,-0.303955043071337,-0.128102888445051,-0.054371612261326,-1.236185347383832,-0.391388836128983,-0.959370597300078,2.872299189656917,-0.741577382689437,0.001649091319272,1
30.350083112716675,-2.329682370531607,-8.287101430945219,2.254563617665301,3.781394655492840,-3.246155654782387,-0.316248342119703,-0.132004995687114,-0.063902211264401,-1.207352699187798,-0.384581562745197,-0.934513230343190,2.858601848683965,-0.741564712439002,0.000871228543062,1
30.359958171844482,-2.292350977547526,-8.319157578251081,2.251382549082286,3.780072559593759,-3.246831757299703,-0.328030742150270,-0.135777916896980,-0.072997539891192,-1.179195504589963,-0.379960517128265,-0.907286348149739,2.844535754614064,-0.741559833305277,0.000118849349111,1
30.369967460632324,-2.254519301819800,-8.351662184902391,2.248040357194581,3.778694424212881,-3.247607440187789,-0.339692143307677,-0.139579589062586,-0.081946045971975,-1.150717826362860,-0.385306808055486,-0.886847754368838,2.877060855588625,-0.741562353688202,-0.000595358927585,1
30.380000829696655,-2.216630468370455,-8.384236187385037,2.244576260100582,3.777274862678672,-3.248473823208216,-0.351085712208695,-0.143551737689966,-0.090826939303664,-1.121237028879204,-0.406514450593990,-0.883653416838317,3.000439570690075,-0.741571480346559,-0.001222999621081,1
30.389993429183960,-2.178877605073519,-8.416714736889892,2.241011058273107,3.775819185077072,-3.249425846441668,-0.362142485032464,-0.147713401988335,-0.099630553784162,-1.090669779995417,-0.425802905965286,-0.877105971778686,3.113422254653858,-0.741586790437240,-0.001838330720852,1
30.399983406066895,-2.141164701077374,-8.449181542902942,2.237339360747980,3.774321984805150,-3.250464770942207,-0.372881134500247,-0.152056373924838,-0.108346469499724,-1.059043020756490,-0.443396073161829,-0.867286816938971,3.216699867664917,-0.741608184092864,-0.002442982499679,1
30.410055875778198,-2.103152148852192,-8.481930495144562,2.233529990782984,3.772767479825192,-3.251599985662178,-0.383384476298632,-0.156605712540243,-0.117019539071304,-1.026154899067115,-0.459595224185001,-0.854148666252923,3.311435800139001,-0.741635820595544,-0.003042290999185,1
30.420074701309204,-2.065364983637382,-8.514510621521980,2.229638361475843,3.771175310030268,-3.252814874446696,-0.393496738634532,-0.161284754982880,-0.125497677652368,-0.992547300819098,-0.474327766284757,-0.837937830633299,3.396619534642376,-0.741669239990201,-0.003627943513039,1
30.430043697357178,-2.027775548889328,-8.546946621311220,2.225666549626153,3.769543547120712,-3.254107388375311,-0.403222048306336,-0.166081653676451,-0.133758603436463,-0.958297330100079,-0.487777488462052,-0.818768278984988,3.472779957102998,-0.741708272306570,-0.004200532459688,1
30.440026044845581,-1.990173875250177,-8.579420750289994,2.221596345169404,3.767862704438830,-3.255481485462572,-0.412609607005606,-0.170694480846068,-0.141432097076293,-0.923444692843457,-0.404934001596506,-0.680083285140074,3.497907343945318,-0.741741356638240,-0.001240006204073,1
30.450040578842163,-1.952432047683508,-8.612044831924297,2.217416620990187,3.766134309973751,-3.256929393111628,-0.421686106309209,-0.174117871823264,-0.147278825603741,-0.888403888542121,-0.279891905176676,-0.488681646231510,3.496225302338049,-0.741730021086208,0.003491777432956,1
30.460130691528320,-1.914440234399256,-8.644915189480663,2.213117134696142,3.764365219196228,-3.258437183816127,-0.430472306956229,-0.176343219914077,-0.151278473018555,-0.853152452220376,-0.162631624014609,-0.305710587984241,3.490427634853661,-0.741671028143128,0.008190258138067,1
30.470053434371948,-1.877096109833702,-8.677255313950278,2.208804235661879,3.762609194541999,-3.259950493238837,-0.438766225264042,-0.177419070903028,-0.153457590872388,-0.818562035386979,-0.055555526714177,-0.135002638385769,3.480902907746414,-0.741567105066622,0.012745368993183,1
30.480120897293091,-1.839223384101614,-8.710084092489931,2.204345869152235,3.760821866837712,-3.261499525534765,-0.446831250619806,-0.177465554051777,-0.153982732759350,-0.783580670903740,0.044980840744137,0.029200520314435,3.467555713330315,-0.741415797432428,0.017300815926941,1
30.490118503570557,-1.801633025409496,-8.742698964672988,2.199840042813470,3.759051448616147,-3.263034917275404,-0.454492151602093,-0.176549591967485,-0.152911836627827,-0.748994270881283,0.136972565547455,0.183624467543238,3.450817079484353,-0.741220493533120,0.021758338022139,1
30.499991416931152,-1.764528815272199,-8.774922042863180,2.195316930018610,3.757316450002469,-3.264533275493044,-0.461719032258197,-0.174779566888257,-0.150379684571586,-0.715019626746669,0.220375392589293,0.328007502837599,3.431057340549665,-0.740984211679706,0.026095622544689,1
30.510035753250122,-1.726801420989319,-8.807716521912997,2.190644225915851,3.755574256931626,-3.266024361813004,-0.468727467411581,-0.171951551584925,-0.146284807160124,-0.680640383435174,0.341212202002165,0.486057806012461,3.414556866351028,-0.740695482410662,0.031389659174484,1
30.520002365112305,-1.689380444338662,-8.840274119084741,2.185939472007962,3.753879334936175,-3.267455656863967,-0.475341712662617,-0.167993390592564,-0.140693131292231,-0.646704413161359,0.451501959622421,0.634708259118937,3.395022329684322,-0.740356773714326,0.036567836833681,1
30.530034303665161,-1.651728341365331,-8.873061558963848,2.181138671741843,3.752218419675233,-3.268832798210783,-0.481659235004672,-0.162946603026514,-0.133608386379574,-0.612755569252204,0.553029429441008,0.776348734671254,3.372310624700214,-0.739964087170911,0.041702738446114,1
30.539998531341553,-1.614347482589961,-8.905640231985720,2.176309329263368,3.750623753483064,-3.270123360117337,-0.487598007170856,-0.156971723322931,-0.125203543938596,-0.579276728524078,0.644708238775129,0.909363294689608,3.346867436591076,-0.739523451790281,0.046725805236127,1
30.549993515014648,-1.576868683121316,-8.938330378865629,2.171407533780079,3.749088481970142,-3.271327188888789,-0.493221022431733,-0.150105677361672,-0.115478889383511,-0.545964680179953,0.727757784675317,1.035376187393067,3.318597527602925,-0.739031582025798,0.051686990871762,1
30.560001373291016,-1.539355729215257,-8.971074962741589,2.166444659679282,3.747623969750175,-3.272429018975973,-0.498519274419892,-0.142442552483391,-0.104515592034536,-0.512905261284811,0.802237978303576,1.154388402967238,3.287668548542860,-0.738489770723656,0.056577271575557,1
30.569956779479980,-1.502055320703324,-9.003656746811318,2.161457060133584,3.746246857651303,-3.273410483000158,-0.503462852358027,-0.134101575660819,-0.092544232092681,-0.480347750427272,0.880565420300616,1.216549087196923,3.249840772982485,-0.737904082352959,0.060493417014066,1
30.580178260803223,-1.463767294085823,-9.037122812571370,2.156286043668871,3.744923761340032,-3.274293614911192,-0.508204133707912,-0.124604454510570,-0.080307604843562,-0.447381664686529,0.975245574240504,1.178553312199363,3.199900791248212,-0.737274712737632,0.062638281541628,1
30.590100526809692,-1.426614243371701,-9.069615768290021,2.151221881192318,3.743736728006104,-3.275032986839795,-0.512486561976697,-0.114526001616619,-0.068773658262766,-0.415874852135662,1.054091581029126,1.147125750478599,3.150535485382512,-0.736643001075949,0.064685005977467,1
30.600054025650024,-1.389356461224934,-9.102217024716692,2.146100761726064,3.742650161094808,-3.275661157737277,-0.516470734551460,-0.103691940293238,-0.057491232714729,-0.384765846515258,1.120827374927186,1.120737664463494,3.100202579829989,-0.735989085769642,0.066703227858746,1
30.610131263732910,-1.351646847882734,-9.135228589955245,2.140877277138548,3.741663154994611,-3.276183982214909,-0.520191485612672,-0.092107678576277,-0.046311161539582,-0.353785084160986,1.176348966294558,1.099005074589195,3.048481777401515,-0.735306771687317,0.068710888002638,1
30.620074748992920,-1.314443358628312,-9.167809730814451,2.135687393815400,3.740806142236716,-3.276590466159763,-0.523559717471821,-0.080184646180748,-0.035469610582607,-0.323727025773416,1.219806768765061,1.082223945533224,2.996753849050676,-0.734613791803935,0.070656972431442,1
30.630063056945801,-1.277086397470910,-9.200535790506436,2.130442767383045,3.740066736025180,-3.276890963952191,-0.526644306597987,-0.067829171631169,-0.024726735029698,-0.294059445465633,1.252657692751842,1.069789842293745,2.944175711724059,-0.733898501351244,0.072576389713186,1
30.640024185180664,-1.239834272455039,-9.233178372911043,2.125182680434917,3.739452673144959,-3.277084587908828,-0.529433945300695,-0.055667667101238,-0.014223600794739,-0.267550922966406,1.144436256869485,1.028469166686961,2.127002268882405,-0.733180782921461,0.070047695577386,1
30.650094509124756,-1.202177625082016,-9.266181787587247,2.119837601732484,3.738947151677805,-3.277176644903811,-0.532040048607416,-0.045014757523883,-0.004153970047198,-0.251898870451177,0.972296536394984,0.971508281272213,0.998835954415776,-0.732499370005914,0.065287090426290,1
30.660046815872192,-1.164971226506788,-9.298794959192954,2.114530604425607,3.738544602553843,-3.277170790583473,-0.534514527493307,-0.036157949478200,0.005239295722691,-0.247086150482620,0.808751380663530,0.916503087040280,-0.015263808787427,-0.731872814671538,0.060643607531370,1
30.670046091079712,-1.127591952204703,-9.331562316818417,2.109173707958747,3.738220836199703,-3.277073493708397,-0.537001616809481,-0.028866325844113,0.014132601067421,-0.251928115051900,0.650795558214776,0.862607951574346,-0.937415700101137,-0.731289522868238,0.056038936670149,1
30.679993867874146,-1.090400946292107,-9.364165761465092,2.103818309935402,3.737963332589971,-3.276891059124768,-0.539568485111782,-0.023147757005753,0.022454062505247,-0.265434782769787,0.499761609335775,0.810428566917059,-1.762689036137254,-0.730754521621050,0.051517633724541,1
30.689990520477295,-1.053035796107928,-9.396921667043342,2.098410972282994,3.737754455761627,-3.276626960768932,-0.542322646261238,-0.018885461861471,0.030299767558741,-0.286828444225616,0.353985398444344,0.759538809176982,-2.503063675550014,-0.730261982485167,0.047035688207421,1
30.700007200241089,-1.015597691875394,-9.429740163704626,2.092963992909409,3.737580678958840,-3.276286195439812,-0.545332538189563,-0.016046982943556,0.037659014323411,-0.315257586661666,0.213733086126630,0.710172224029182,-3.159500572088906,-0.729813088709135,0.042605900680534,1
30.710042238235474,-0.978090811935207,-9.462616588174066,2.087475037812947,3.737429118058669,-3.275873629231162,-0.548649560164160,-0.014280752731764,0.044449591950115,-0.345201531534590,0.140164299049206,0.641827735496919,-2.801793306045312,-0.729414740803852,0.036783216480325,1
30.719990253448486,-0.940912387633736,-9.495201946192919,2.081999668955745,3.737292892804178,-3.275400900881445,-0.552216374460261,-0.013214779449469,0.050468878672261,-0.371329271570426,0.075343098891148,0.567329946783102,-2.453755107380663,-0.729077283457692,0.031075456515654,1
30.729966878890991,-0.903626572936160,-9.527877572651864,2.076471408586018,3.737163808467791,-3.274870456470942,-0.556037596720984,-0.012758652806894,0.055732278745394,-0.394132433451555,0.017179523477323,0.486912818043105,-2.119967648886083,-0.728795481029100,0.025428694834199,1
30.740066766738892,-0.865883178705831,-9.560949693805719,2.070835172511564,3.737034907154390,-3.274284195110226,-0.560120766882057,-0.012855747536227,0.060217762599233,-0.413900934513113,-0.035408972993894,0.400579712432507,-1.797230031141033,-0.728567193157122,0.019791681478609,1
30.749994039535522,-0.828784363975689,-9.593452157735568,2.065253890659045,3.736904756927988,-3.273668087695537,-0.564313305000198,-0.013440757572658,0.063756430974606,-0.430228353250035,-0.081590136264256,0.311731538208484,-1.494454076060553,-0.728397892910267,0.014328446358297,1
30.760034561157227,-0.791266365875141,-9.626316669847808,2.059566236170493,3.736764977260513,-3.273013809985170,-0.568703173994817,-0.014473584748054,0.066421465671575,-0.443754992372311,-0.123379989438074,0.218681245178952,-1.202427429441204,-0.728281443725126,0.008881630595426,1
30.770098209381104,-0.753666978465870,-9.659247051832923,2.053821164147840,3.736612415238855,-3.272336089551898,-0.573224454097427,-0.015933123707675,0.068061338496423,-0.454449760325422,-0.176259908646391,0.075569559485797,-0.929369906568092,-0.728219677190726,0.003223916128075,1
30.779990673065186,-0.716697251282327,-9.691620644576982,2.048127221460338,3.736444829761510,-3.271662647967899,-0.577762286104719,-0.018075351510377,0.067706388547565,-0.462423801658225,-0.256757568893053,-0.143825349598460,-0.684481827632374,-0.728217637309771,-0.002797487532610,1
30.789991617202759,-0.679329334606420,-9.724337786474177,2.042325684553310,3.736249859046351,-3.270996132877379,-0.582417325472823,-0.021049571340435,0.065245829706448,-0.468081176551116,-0.337980009650664,-0.344842514615883,-0.448816318160339,-0.728275694284837,-0.008798140998214,1
30.799995660781860,-0.641958185725121,-9.757053096459446,2.036476507738834,3.736021049175230,-3.270363858298862,-0.587118027753353,-0.024835404467171,0.060873890126258,-0.471440012856559,-0.418930517624632,-0.526109339807559,-0.224669089554154,-0.728393354080546,-0.014713273039792,1
30.809990882873535,-0.604611795225352,-9.789742840766266,2.030583708145886,3.735750503206242,-3.269784392595127,-0.591838484857286,-0.029426015316482,0.054787425229911,-0.472612918857812,-0.499419881296227,-0.688560119352319,-0.011819849454221,-0.728569626181242,-0.020538571608396,1
30.820029735565186,-0.567113388376107,-9.822562748002154,2.024618947555990,3.735428608191238,-3.269271633588472,-0.596579781772047,-0.034842717236575,0.047131640846703,-0.471704384566086,-0.579704800854163,-0.833891411487876,0.191053166389643,-0.728804791109154,-0.026301223607155,1
30.829991579055786,-0.529903460856976,-9.855128524563513,2.018652547033549,3.735051436066351,-3.268845669382031,-0.601266147025473,-0.041011853370430,0.038175720649048,-0.468841677394729,-0.658731608489804,-0.961468328695743,0.381983663396861,-0.729094927658939,-0.031934065853498,1
30.840022325515747,-0.492439394155026,-9.887916512441457,2.012597740050880,3.734605391603810,-3.268513270580702,-0.605946668276171,-0.048099871637669,0.027856444826871,-0.464039669865408,-0.762418153664264,-1.103166521222119,0.578491796565204,-0.729444454717960,-0.037852125914762,1
30.849991083145142,-0.455211648388381,-9.920499112253060,2.006534105323479,3.734086147380778,-3.268292772762002,-0.610540720681904,-0.056255241770067,0.016147008818542,-0.457311018547780,-0.872741115222522,-1.243567265596999,0.769486708861688,-0.729851579312920,-0.043811190892882,1
30.859989404678345,-0.417880016092501,-9.953175959778335,2.000407000837162,3.733478296780929,-3.268195652195632,-0.615071554552074,-0.065509941632364,0.003069768767786,-0.448707829309347,-0.977555513230340,-1.369954947287430,0.949552235762857,-0.730319123258498,-0.049698371839343,1
30.869975566864014,-0.380600329172818,-9.985812770762033,1.994242587934471,3.732773691573497,-3.268235228978382,-0.619502227670021,-0.075771286396915,-0.011183029418767,-0.438373909144198,-1.076643860041986,-1.482280234133043,1.118272171175909,-0.730844406729805,-0.055489011491564,1
30.880023956298828,-0.343095976877991,-10.018654090709425,1.987995652911079,3.731956348610254,-3.268424163984670,-0.623848004103784,-0.087068001708220,-0.026588631412712,-0.426329723070885,-1.170932298660555,-1.581784092996371,1.277178070602488,-0.731430879251682,-0.061225570673499,1
30.890035867691040,-0.305739192639080,-10.051376526760929,1.981729043825773,3.731024512172670,-3.268771106561527,-0.628049560200907,-0.099238953125176,-0.042866007022226,-0.412795073577891,-1.259692575459930,-1.667930504596205,1.425008942743550,-0.732072053752902,-0.066850953975630,1
30.900091409683228,-0.268226064005591,-10.084249024456987,1.975392892192051,3.729961458614488,-3.269287785937581,-0.632126116141173,-0.112333442625286,-0.060020612621317,-0.397761747287440,-1.343647883705404,-1.741859270682421,1.562737183663141,-0.732772322805015,-0.072391271181202,1
30.910035371780396,-0.231139466786492,-10.116763512903486,1.969087343284724,3.728777098275385,-3.269971753055507,-0.636003475616129,-0.125943355630426,-0.077630160937722,-0.381955685974144,-1.392699659707716,-1.798016344451843,1.615315899633835,-0.733506069117995,-0.075169855202900,1
30.920060157775879,-0.193766727241049,-10.149547704861298,1.962692777811066,3.727443830653560,-3.270841122422542,-0.639750419782530,-0.140131494393805,-0.095895463315385,-0.365517707652605,-1.437170831302062,-1.844423113868529,1.663426774029294,-0.734273448192789,-0.077921959955670,1
30.930031061172485,-0.156607061542256,-10.182166799058862,1.956295841777969,3.725974440924461,-3.271889641778159,-0.643311622313615,-0.154662722644856,-0.114475762542516,-0.348712403468526,-1.476732577172918,-1.880795764834192,1.706598781928740,-0.735063864519112,-0.080610735705858,1
30.939989566802979,-0.119508949798816,-10.214756698040718,1.949872256506964,3.724360367470878,-3.273123425566717,-0.646699075705745,-0.169547600249691,-0.133347955706622,-0.331520773891141,-1.511869325170675,-1.907747769069490,1.745240583864305,-0.735879816918224,-0.083247721628325,1
30.950029850006104,-0.082125006713878,-10.247626047390463,1.943362955659033,3.722581359543029,-3.274558738923814,-0.649938997352794,-0.184887184463774,-0.152599962309461,-0.313821153321729,-1.543138252453637,-1.925800302770593,1.779852479913419,-0.736728768705678,-0.085857224188553,1
30.960021018981934,-0.044945101345874,-10.280347529799338,1.936854561857515,3.720656822121029,-3.276179536173534,-0.652984798984509,-0.200442633958894,-0.171892340621151,-0.295885375118024,-1.570376053270207,-1.935032416499607,1.810141045471468,-0.737599267493266,-0.088404931030392,1
30.969978809356689,-0.007902231680004,-10.312983005995900,1.930337279892644,3.718582139291786,-3.277987653819427,-0.655841403255277,-0.216439882617577,-0.191443256551907,-0.277885858264837,-1.744743717485978,-2.106519432124310,1.734389915668404,-0.738490671510059,-0.089977799494110,1
30.980110883712769,0.029763285609491,-10.346206035304233,1.923678270318363,3.716291259760905,-3.280044445171649,-0.658572903351282,-0.236563856298295,-0.215409653554513,-0.261769156144315,-2.218694601330885,-2.613947972593459,1.452388635909254,-0.739400039745387,-0.089522504197733,1
30.989993095397949,0.066475651861383,-10.378630303212908,1.917157712584404,3.713838307121228,-3.282308081955879,-0.661092880092060,-0.260564658802029,-0.243443733550311,-0.248647978135295,-2.630725262293920,-3.050431187775124,1.208133867250249,-0.740282443330024,-0.089063589545913,1
31.000011444091797,0.103667761186649,-10.411525571899629,1.910522526688931,3.711089550278797,-3.284906694484261,-0.663527006572090,-0.288809660772059,-0.275983974542444,-0.237661334965745,-3.000154588174769,-3.436613903271770,0.990057884946967,-0.741172299363921,-0.088583375923667,1
31.009990453720093,0.140688521049463,-10.444322363927460,1.903889030615863,3.708052378447459,-3.287837783242327,-0.665852751843067,-0.320394264072827,-0.311974978314221,-0.228747249338060,-3.322130499662747,-3.767459705409839,0.800939363296566,-0.742053887699332,-0.088090009561619,1
31.019994020462036,0.177765672906055,-10.477228719406581,1.897216809163420,3.704676237789831,-3.291152036087513,-0.668103789378185,-0.355058037032353,-0.351106306701311,-0.221571185548645,-3.601020081313627,-4.047632469562005,0.638105206616947,-0.742932565801401,-0.087580446917952,1
31.029989242553711,0.214776389059872,-10.510142737333370,1.890527995607699,3.700943359353846,-3.294867654063912,-0.670288957766544,-0.392269304758097,-0.392757119604269,-0.215900198035286,-3.838035641790663,-4.278544735238724,0.500739462174624,-0.743805344802618,-0.087056292610731,1
31.039997339248657,0.251791969116852,-10.543135334880420,1.883809587454074,3.696823357548231,-3.299013613188505,-0.672425715521990,-0.431174864123156,-0.435650205513410,-0.211152132247983,-3.874401765724342,-4.193943574851572,0.485720595295295,-0.744661450858252,-0.082687593277517,1
31.050028800964355,0.288855928350949,-10.576253454592319,1.877053312287702,3.692304130142058,-3.303591206039768,-0.674518859453441,-0.469657535956254,-0.476575943177153,-0.206078006890252,-3.793402428529498,-3.968005035258576,0.525120761012127,-0.745458633391407,-0.076251697876853,1
31.060093402862549,0.325993071856993,-10.609527587678866,1.870254201809503,3.687386765835814,-3.308585105611082,-0.676565744322103,-0.507326213557980,-0.515439762284501,-0.200612234701738,-3.688251039529418,-3.757335864845930,0.560333242274286,-0.746193845940696,-0.069857434916874,1
31.070025444030762,0.362590728885604,-10.642414619498625,1.863524721047428,3.682168030517902,-3.313886548240242,-0.678530072765615,-0.543356900296952,-0.551781733908351,-0.194890396982289,-3.564053624032967,-3.562819999474341,0.591266783281045,-0.746856591714200,-0.063608846653235,1
31.079991579055786,0.399261022744899,-10.675470034357415,1.856752656587970,3.676578012634519,-3.319559667335038,-0.680442587576587,-0.578182603160642,-0.586364689664891,-0.188857244184068,-3.421889409437812,-3.378796448150984,0.618897891654449,-0.747459550458952,-0.057400024230301,1
31.089999675750732,0.436026174607273,-10.708721638401745,1.849933530357864,3.670622854787325,-3.325594161579323,-0.682301226343261,-0.611650635968644,-0.619293633535522,-0.182537450736184,-3.264184766119965,-3.203188398174667,0.643588840541020,-0.748003061764395,-0.051227213381951,1
31.099995613098145,0.472686396563581,-10.741995534947151,1.843104278669069,3.664348539213295,-3.331941784397367,-0.684093329614902,-0.643439397112053,-0.650466805886776,-0.175992289890004,-3.094298521999978,-3.035031462035153,0.665555473802231,-0.748484568745563,-0.045123628758773,1
31.110069036483765,0.509567501938319,-10.775594704939584,1.836203976439044,3.657709694468312,-3.338647727577074,-0.685831505307520,-0.674574133167299,-0.680807759268489,-0.168994814638921,-3.084137893520730,-2.989323495924775,0.723586663404565,-0.748905322056379,-0.038415981119101,1
31.120111942291260,0.546266997509053,-10.809159265448693,1.829307837377548,3.650779919575899,-3.345634998856791,-0.687491261808234,-0.705406497984019,-0.710598834139313,-0.161444280233046,-3.052392667221210,-2.943065423264249,0.779764710466140,-0.749257790401977,-0.031786839542049,1
31.130026340484619,0.582427120356478,-10.842364623390139,1.822483969501707,3.643636985373898,-3.352824022656125,-0.689052673742055,-0.735429898584914,-0.739539926829082,-0.153445544542886,-3.000993183891302,-2.894548688998112,0.833529625185609,-0.749540747489771,-0.025303249183221,1
31.139993429183960,0.618706550941283,-10.875819727374582,1.815608638264343,3.636158908736322,-3.360338002680616,-0.690539800708344,-0.765008272012857,-0.768130468703864,-0.144874682354682,-2.931393407762414,-2.841652700581573,0.886063812223780,-0.749760716673117,-0.018846017958638,1
31.149998664855957,0.655047536279094,-10.909478816734767,1.808692688537903,3.628359656559835,-3.368164420383235,-0.691944061593904,-0.793919804887385,-0.796273872593880,-0.135751558251681,-2.845518563966537,-2.783237450913427,0.937435279148132,-0.749917101438523,-0.012425553436946,1
31.160070419311523,0.691551598815929,-10.943443805067520,1.801716709021476,3.620220615556597,-3.376324583994839,-0.693262942660415,-0.822084069898910,-0.823983845809815,-0.126054474657524,-2.744855473497988,-2.717982436359400,0.987926145644129,-0.750009961850923,-0.006024156985638,1
31.170034646987915,0.727582181430435,-10.977126815099611,1.794802952036908,3.611895015263302,-3.384668377955784,-0.694469054299205,-0.848803032619435,-0.850587587857697,-0.115929808443843,-2.581817517543293,-2.568381052389114,1.059290264563596,-0.750040201680000,-0.000685352532591,1
31.180105209350586,0.763911667451529,-11.011255075706291,1.787803730604200,3.603221057756471,-3.393359070116967,-0.695580847678105,-0.873409186545072,-0.874900878073590,-0.104686840222116,-2.304940947229678,-2.263270751511278,1.172044897510312,-0.750030005528098,0.002703356593029,1
31.190049886703491,0.799700983095620,-11.045044558290845,1.780881423334563,3.594425819523375,-3.402166834547271,-0.696562245168514,-0.894970781885263,-0.895979817347522,-0.092514845501251,-2.031446047926960,-1.978603521230013,1.274452485365822,-0.749986652598915,0.006008651509689,1
31.200026035308838,0.835515503887141,-11.079030795094173,1.773927859777750,3.585400692299486,-3.411199393766432,-0.697420189305460,-0.913872378103039,-0.914358274877621,-0.079323428714049,-1.758072187969053,-1.708206344397204,1.368692625625630,-0.749910338614268,0.009283414655841,1
31.210004806518555,0.871249322652456,-11.113117800486583,1.766964411353188,3.576197909592050,-3.420404743722455,-0.698142163519637,-0.930060118445652,-0.930113457112455,-0.065228372399040,-1.486623560883284,-1.451582024815123,1.454865547317789,-0.749801523708694,0.012517962805914,1
31.220006465911865,0.906967079402031,-11.147371005643619,1.759979481047552,3.566826809596942,-3.429774997129936,-0.698720397443817,-0.943579124921098,-0.943397366472524,-0.050279185744016,-1.217558968546067,-1.207011787016840,1.533506002004603,-0.749660298615680,0.015718173094825,1
31.231033325195312,0.946242051191777,-11.185249902129442,1.752271746583772,3.556353564388706,-3.440246279437911,-0.699179974774314,-0.955389815941673,-0.955281177596356,-0.032929439834942,-0.925397616641215,-0.950504326431375,1.611729013429150,-0.749467730820124,0.019198983219046,1
31.240105867385864,0.978467790424278,-11.216501109286307,1.745927253978697,3.547650219031801,-3.448949791958864,-0.699411589719250,-0.963021794874749,-0.963143683964251,-0.018043018498628,-0.780675216016870,-0.796033949062695,1.668735593253103,-0.749272731927529,0.024396373572710,1
31.249996900558472,1.013510488209180,-11.250662021927607,1.739008739597508,3.538088829030171,-3.458512817952778,-0.699507491618120,-0.970109652403137,-0.970290951983344,-0.001256787984055,-0.651120124573775,-0.649703631863893,1.724474020288409,-0.748999198993444,0.030899656748884,1
31.260034322738647,1.048974806337531,-11.285425556867972,1.731987717127733,3.528320939186698,-3.468282312660163,-0.699432364181527,-0.975951474522708,-0.976080079722269,0.016310594956354,-0.511629637112702,-0.504288141511689,1.774892769051232,-0.748656264201668,0.037417952136394,1
31.271024942398071,1.087689159047551,-11.323598206902954,1.724302902796364,3.517568327137799,-3.479035933371879,-0.699144944747618,-0.980697739906655,-0.980761225494761,0.036087528076166,-0.350883892446726,-0.348161944018507,1.823291624537244,-0.748206285570952,0.044460482705033,1
31.279989004135132,1.119188947927848,-11.354831426151728,1.718035894854721,3.508762897265941,-3.487841951759992,-0.698747610295494,-0.983235284885640,-0.983319723132680,0.052593259823401,-0.214411939280018,-0.222815417833143,1.857733499282358,-0.747782160349692,0.050133899700387,1
31.289995908737183,1.154247373492369,-11.389779023587764,1.711047371427743,3.498916795647857,-3.497689608682639,-0.698127806541573,-0.984598900128041,-0.984856979294549,0.071352255632984,-0.057400255701427,-0.084751750177545,1.891040552000967,-0.747249178917460,0.056387975281625,1
31.299993038177490,1.189178956729382,-11.424796774872288,1.704071646572255,3.489072960868781,-3.507537778807615,-0.697319458740280,-0.984371237094981,-0.985021404039097,0.090402835757286,0.103542813462297,0.051624570828354,1.919144695191717,-0.746654534936982,0.062555764831857,1
31.310070991516113,1.224276760406750,-11.460180495166366,1.697051973945492,3.479158552768387,-3.517458084073611,-0.696321823494013,-0.984347315762748,-0.984537378757583,0.106629441251919,-0.094349240895068,0.049148905402424,1.306545645709715,-0.746007556795629,0.065861607896562,1
31.320011138916016,1.258827172955725,-11.495209155756845,1.690132741348130,3.469362108533719,-3.527246210439328,-0.695206249193096,-0.986102848641353,-0.983930035956679,0.116798574138356,-0.252288752830732,0.078198648730675,0.746594238096321,-0.745336774693250,0.069028162970148,1
31.329990625381470,1.293400474844564,-11.530458241394300,1.683200857768412,3.459506587189964,-3.537060567932762,-0.694012216620372,-0.989254181139654,-0.982877330462731,0.121643087590022,-0.373184962858628,0.137656600763368,0.232068488761478,-0.744632378576605,0.072127589282420,1
31.339995384216309,1.327961605400006,-11.565893998066624,1.676263704591763,3.449589324467497,-3.546885542353563,-0.692791648937402,-0.993444927294281,-0.981082997634051,0.121576699000163,-0.458840464004140,0.225600650168748,-0.237817657913494,-0.743895561357875,0.075156146352004,1
31.349998235702515,1.362417555398479,-11.601422007437112,1.669339836958477,3.439628080635387,-3.556686084474372,-0.691594710434010,-0.998323014549071,-0.978276217793187,0.117033390690809,-0.511122096514386,0.339801489788850,-0.663345827867902,-0.743128969123057,0.078105475109151,1
31.360003232955933,1.396780154588517,-11.637054692140557,1.662426328688715,3.429614041264311,-3.566454283255459,-0.690463582284144,-1.003567336013589,-0.974203355871317,0.108446052130570,-0.532223280252249,0.478254222026817,-1.046339842821816,-0.742333114435428,0.080976627200686,1
31.369997978210449,1.431007244002337,-11.672748214493350,1.655530713497348,3.419557635157652,-3.576164446552866,-0.689437503899970,-1.008580222317159,-0.968595279271899,0.096544845721376,-0.350081507467715,0.664714875445242,-1.209175783101949,-0.741507240687452,0.085305135121880,1
31.379996299743652,1.465149071109833,-11.708554713868178,1.648641636074986,3.409464132326097,-3.585812172767772,-0.688529121795170,-1.009445658633587,-0.960731540288440,0.085492921500067,0.171473142040209,0.907316160363390,-1.002845663296472,-0.740617451070222,0.092653062728416,1
31.389998435974121,1.499198119949089,-11.744465819927431,1.641759483478475,3.399385105567474,-3.595371494446055,-0.687720893048311,-1.005258011906256,-0.950465381177654,0.076459779861444,0.660587934154411,1.144751029539046,-0.804919849202210,-0.739654457074634,0.099901496078893,1
31.400955677032471,1.536387444356074,-11.783919683372517,1.634228057287370,3.388419615966734,-3.605712583095566,-0.686927193542400,-0.995248088808259,-0.936523520225071,0.068784752693183,1.160195314824530,1.398861220545984,-0.597559514096243,-0.738516780197770,0.107726752247477,1
31.409993171691895,1.566970584955878,-11.816545220716835,1.628022533434383,3.379477528608163,-3.614116699748445,-0.686327688772035,-0.983007103748091,-0.922952171626668,0.064128923473593,1.544556719933555,1.603683432436894,-0.433837695204106,-0.737514360253796,0.114089418157152,1
31.420740365982056,1.603234058901558,-11.855439792389230,1.620650059951691,3.369010513332741,-3.623938621762402,-0.685659907785372,-0.964090913700246,-0.904433017607592,0.060475504306605,1.970014327337023,1.841619105102397,-0.247550765792980,-0.736248035300282,0.121547940520229,1
31.429996252059937,1.634375409581720,-11.889020181425332,1.614306396223861,3.360176547234905,-3.632227980320802,-0.685108559477257,-0.944266323533661,-0.886458578294208,0.058898638695857,2.309713375582747,2.041614802144422,-0.094276575450524,-0.735093670832593,0.127877625880960,1
31.440035581588745,1.668061349770484,-11.925528765512823,1.607431488812977,3.350819589462441,-3.641020514102184,-0.684518748288663,-0.919170517030340,-0.864783826194762,0.059016971921400,2.702956827320141,2.286966152174807,0.143580096587053,-0.733779082370620,0.133657443407531,1
31.449984073638916,1.701355112269547,-11.961797318763915,1.600623862317722,3.341814617227117,-3.649507251221574,-0.683920053846931,-0.890337446310791,-0.840771479836818,0.061766206349339,3.087444758799856,2.538159691294898,0.406445973070525,-0.732423709909673,0.138780981241772,1
31.459954977035522,1.734628316496039,-11.998223207475245,1.593808524008776,3.333097623372255,-3.657759319821424,-0.683279893327559,-0.857771972170685,-0.814255398872593,0.067066744393387,3.440084623906983,2.779442972698732,0.654329692924087,-0.731014847115960,0.143834139794533,1
31.469999074935913,1.768065187983995,-12.035004441445800,1.586948771964785,3.324660779809212,-3.665793998530351,-0.682569221182681,-0.821567409895324,-0.785159679725928,0.074829458291435,3.763445543000155,3.012154026360130,0.888805440914595,-0.729544867507878,0.148843432071065,1
31.479957342147827,1.801134525431417,-12.071549575301241,1.580155105908957,3.316670540973164,-3.673460147554371,-0.681776280112520,-0.782619189257077,-0.754055674281122,0.084777180244094,4.053486691378784,3.232751213589327,1.106576848229908,-0.728038180549036,0.153728852679871,1
31.490045785903931,1.834554659854894,-12.108646003971433,1.573281719122602,3.308986184853560,-3.680899052727904,-0.680861164264874,-0.740370896702609,-0.720358358304937,0.096992277325261,4.317360963744969,3.446103735277240,1.312687133443767,-0.726462714902350,0.158595482244161,1
31.499983310699463,1.867393291200874,-12.145250355032672,1.566522439159720,3.301847660678480,-3.687882338343420,-0.679829605747675,-0.696305650284389,-0.685118571078376,0.110984442244415,4.548823937796321,3.646430391545212,1.501828295431690,-0.724863612542744,0.163307203873755,1
31.510181665420532,1.901039160070624,-12.182904475467318,1.559593721924438,3.294983372636044,-3.694679817299028,-0.678616600833455,-0.649421521002052,-0.647536284668121,0.127091468767437,4.627100435471009,3.709460967807178,1.650912518353260,-0.723164074743939,0.170100321612553,1
31.519955396652222,1.933213145683052,-12.219045631966999,1.552967437924145,3.288857899777602,-3.700830653972695,-0.677293506620817,-0.603958821855894,-0.611021200892176,0.143862310738451,4.673782985714542,3.764139954653853,1.779113076069583,-0.721469119762942,0.176720405774707,1
31.529958724975586,1.966076972443669,-12.256089126814221,1.546201037394088,3.283051840551515,-3.706752427173372,-0.675763648440889,-0.557030355958755,-0.573056861267833,0.162266225242953,4.708397164194407,3.829102332187892,1.899324643994138,-0.719668256942960,0.183381981057583,1
31.539952993392944,1.998867890367158,-12.293170466128684,1.539454413171286,3.277719321963397,-3.712288308828757,-0.674044847183862,-0.509845133440161,-0.534420988888820,0.181807781338933,4.730157250245413,3.902349265518530,2.008717826475677,-0.717802335341056,0.189926123442684,1
31.549997091293335,2.031763925626028,-12.330482461893798,1.532693915285052,3.272837305791051,-3.717457790784727,-0.672115761359262,-0.462278623425279,-0.494824654870757,0.202491023535947,4.739558201567910,3.983540239964678,2.108142188433157,-0.715862202945178,0.196386756943826,1
31.560061454772949,2.064681122023251,-12.367921576024408,1.525939955641660,3.268424710452715,-3.722234783197388,-0.669969444301909,-0.414580260612836,-0.454293373456619,0.224167049124133,4.736905513380925,4.071766884522982,2.197560769706806,-0.713853553075307,0.202745377649902,1
31.569999933242798,2.097143811770786,-12.404935804235967,1.519293071280744,3.264537815284900,-3.726547450419468,-0.667632216689971,-0.367962832075955,-0.413713928464749,0.245992685972608,4.483247908510450,3.958184146347365,2.028014886865156,-0.711810655697425,0.207239356672526,1
31.580000162124634,2.129769145453303,-12.442218621350943,1.512629841722374,3.261070665084437,-3.730494499233328,-0.665081854088546,-0.326682560136527,-0.376518879723560,0.263067171049266,3.784093282289268,3.498544522486017,1.398136773164987,-0.709733033929873,0.208303171395797,1
31.590145349502563,2.162841019948125,-12.480088423368468,1.505895427714151,3.257939459305915,-3.734141396985535,-0.662350820178053,-0.291615349206675,-0.342954191885848,0.274290369100891,3.138654760136800,3.134097501084419,0.824928455565494,-0.707614343827569,0.209309380063964,1
31.600019931793213,2.194993417460616,-12.516972392445929,1.499369418014916,3.255203796677501,-3.737379302902372,-0.659610815389014,-0.263483020515802,-0.313378735804993,0.279933464190808,2.569550918936821,2.871614507578220,0.327940778598368,-0.705543259291553,0.210217655561337,1
31.610018491744995,2.227534207156047,-12.554363132218866,1.492787035001421,3.252688433565913,-3.740372985020863,-0.656802610609624,-0.240432813977451,-0.285628769638413,0.280939278826137,2.049495931946044,2.692083839419676,-0.117267744613948,-0.703436680763551,0.211066415492518,1
31.619994878768921,2.259971090275962,-12.591690529495336,1.486248774363156,3.250383948295079,-3.743090393394733,-0.654012491131671,-0.222350372650869,-0.259329189806442,0.277786044693547,1.584434213973881,2.593414730777252,-0.505903110732106,-0.701327174919680,0.211841670840751,1
31.630008220672607,2.292507395979210,-12.629183942418202,1.479713750658131,3.248229756563194,-3.745557835760601,-0.651262138158808,-0.208607507597664,-0.233542171495355,0.270988952377364,1.168790025446187,2.569097322177258,-0.843105561462627,-0.699202335008340,0.212548100552653,1
31.639999151229858,2.324949231245417,-12.666615883816165,1.473220563767602,3.246200277040462,-3.747761681958943,-0.648601189978216,-0.197608854371164,-0.207384743145637,0.261377483667249,1.162756607027184,2.708068701337591,-1.045027069152035,-0.697092063182949,0.208172526340736,1
31.650096416473389,2.357715563828623,-12.704466338014086,1.466684912651683,3.244267670605073,-3.749714048492222,-0.646017719870847,-0.184878458012494,-0.178991652305647,0.250143628443164,1.313905692976176,2.939979075682308,-1.158463615586576,-0.695025727907524,0.201561644925824,2
31.660033702850342,2.389948099925129,-12.741739305633748,1.460276982779457,3.242460543662128,-3.751325765411865,-0.643576082370824,-0.182209515945978,-0.143211507489085,0.242505464802129,-0.743696503908473,4.238834312612062,-0.388564189519085,-0.692950410505015,0.216054209288366,2
31.670104026794434,2.422575827366428,-12.779504965913977,1.453811282047871,3.240556156994856,-3.752531987512635,-0.641142400164380,-0.199351252430042,-0.094473994071601,0.242269527898861,-2.629906618314539,5.423807284684974,0.331906271522574,-0.690702778848500,0.230506457274243,2
31.685002088546753,2.470844571233702,-12.835434695401378,1.444283821893725,3.237198990561900,-3.753278664334177,-0.637458372312994,-0.257271995540420,-0.001943265341712,0.254532558394901,-5.076372958304905,6.950201888741824,1.293338700432959,-0.687110693933392,0.251485525743427,2
31.690008878707886,2.487050755526198,-12.854228240302577,1.441095117166140,3.235844010886034,-3.753199334536363,-0.636166395876204,-0.284545520949669,0.034008638510571,0.261754877464200,-5.810005123158611,7.404960728150219,1.589162011413888,-0.685834047787582,0.258422424389472,2
31.700014114379883,2.519410867447164,-12.891776910037914,1.434743512848027,3.232683224411103,-3.752474206178723,-0.633458515741507,-0.349513873406449,0.112317562327799,0.280457423665373,-7.149186749828030,8.230476815714217,2.140711732534095,-0.683179786663908,0.272114500736759,2
31.710028886795044,2.551764369320884,-12.929347360580090,1.428414465267797,3.228804353122077,-3.750924302593662,-0.630534081016373,-0.427137711143395,0.198429644495758,0.304444375727891,-8.327457460009036,8.950532782440417,2.641570523145389,-0.680387139620044,0.285593302058946,2
31.720123052597046,2.584335527150641,-12.967200821970154,1.422065284215804,3.224049960794065,-3.748454097318636,-0.627318217492555,-0.516539718421122,0.292017797665276,0.333448689187938,-9.359526229911099,9.574612724750750,3.096582004590822,-0.677436485668475,0.298952708205909,2
31.730017900466919,2.616209409064134,-13.004274448710120,1.415875054930386,3.218466110988246,-3.745087182019407,-0.623860590572851,-0.613556311226524,0.389391712219979,0.366100653993080,-10.227402718477288,10.092580700083760,3.495803759518394,-0.674414601977689,0.311824750329592,2
31.739992380142212,2.648281220209258,-13.041610469799940,1.409670879732455,3.211824298708865,-3.740693363197858,-0.620028725389612,-0.719369115690821,0.492298976729090,0.402790631154963,-10.966142063217314,10.526154297317529,3.853227477652196,-0.671240368520521,0.324578528672242,2
31.749992370605469,2.680360081634332,-13.078989201770250,1.403491687374462,3.204071995589174,-3.735238173347613,-0.615802949274975,-0.832185009584060,0.599376186403530,0.442930148701377,-11.577150121403907,10.876731971679728,4.167941741432545,-0.667931753534737,0.337139189181139,1
31.760128974914551,2.712794466826483,-13.116820027877123,1.397272882607088,3.195032463638339,-3.728598526359451,-0.611093983706612,-0.952151121021815,0.711090788212050,0.486615965544754,-12.071898258828430,11.151469309869414,4.444256812520528,-0.664450657337261,0.349642908413690,1
31.770021677017212,2.744351896941809,-13.153667564293764,1.391252339194045,3.185016451168492,-3.721015173515680,-0.606058913533260,-1.073484449810070,0.822424747148962,0.531748398295900,-12.441031739603671,11.346248312671060,4.674173738448782,-0.660932478747541,0.361622179592486,1
31.780010938644409,2.776112978034008,-13.190795719369147,1.385225430371534,3.173667276087400,-3.712231032673316,-0.600510411127858,-1.199179017126954,0.936463059228207,0.579441543449412,-12.707005207905357,11.474284084257736,4.868238958928383,-0.657260560454643,0.373495998619149,1
31.789995193481445,2.807737794677850,-13.227810997413672,1.379259476828427,3.161057862129986,-3.702307921125538,-0.594479709668114,-1.326956129150704,1.051394945178404,0.628862667730381,-12.872587835929668,11.538029181462703,5.025616456742105,-0.653473169331264,0.385139417597575,1
31.800968647003174,2.842342031537409,-13.268371376521205,1.372775098946831,3.145719843314202,-3.690075705942690,-0.587273622804172,-1.468717653241985,1.178075441597457,0.684775771120490,-12.947086770447450,11.539511149225005,5.158368925201906,-0.649177911828490,0.397677637086817,1
31.810033082962036,2.870795009235670,-13.301770879598978,1.367480431287118,3.131874477413368,-3.678923264491294,-0.580853247380346,-1.586052189509076,1.282488745980896,0.731914698025599,-12.929797209408447,11.490659122455783,5.237758805970691,-0.645526935779753,0.407830946397492,1
31.820039510726929,2.902038211828163,-13.338501032821158,1.361708282326244,3.115365481625653,-3.665522693911654,-0.573269638421461,-1.714960859061668,1.396946174072502,0.784614861192045,-12.834155709190245,11.388355128699706,5.295109146231142,-0.641392710812085,0.418819674068686,1
31.829994201660156,2.932976929255890,-13.374934764327046,1.356038882800755,3.097652263041878,-3.651048042459939,-0.565192516160373,-1.841993132204660,1.509661154138732,0.837507881865389,-12.665188963837604,11.240120024995601,5.322202478347712,-0.637168137166257,0.429537798287409,1
31.840125083923340,2.964262180621559,-13.411843692725018,1.350356882617383,3.078352566016106,-3.635181602097481,-0.556436196709727,-1.965846433155740,1.621953394040256,0.890737829795045,-11.456800648692576,10.861647217052836,5.113843463983698,-0.632800702676551,0.428814037611290,1
31.850042343139648,2.994693261488312,-13.447814085711244,1.344883051902713,3.058319545580479,-3.618569352316892,-0.547355842907657,-2.071428350261766,1.727368809632668,0.939936678061107,-9.847664294698877,10.397753952947252,4.808982527769116,-0.628579456629096,0.422465040029061,1
31.859995365142822,3.025028628582889,-13.483742537545288,1.339482541354841,3.037240549127226,-3.600869414740254,-0.537767399307278,-2.161713369782817,1.828564447479012,0.986307909663803,-8.306778048213891,9.937852125428204,4.510234845435308,-0.624406195036510,0.416133532350451,1
31.870007514953613,3.055328260660553,-13.519701687874985,1.334148510985185,3.015205781522460,-3.582071109742413,-0.527671207208734,-2.237427642060684,1.925771848037254,1.029990701021357,-6.829757946824683,9.481010307526034,4.216920146046693,-0.620271518529525,0.409805074884640,1
31.880034208297729,3.085445820644271,-13.555517940650532,1.328910431371968,2.992453444756090,-3.562293955689701,-0.517137175394233,-2.298789255590729,2.018561702888286,1.070827947433157,-5.422270205515825,9.029425588282999,3.930362294146932,-0.616194323223453,0.403508596321205,1
31.890002012252808,3.115161093912163,-13.590926970380449,1.323809181665165,2.969290822327988,-3.541730613861967,-0.506271954662662,-2.346155035567842,2.106358445750159,1.108617058118901,-4.092173034357389,8.586366981182104,3.652490914753599,-0.612202974204455,0.397288898222507,1
31.899992704391479,3.144707945897932,-13.626203940535547,1.318807215843475,2.945668779211879,-3.520265949935365,-0.495018636720008,-2.380660955753917,2.189947053947686,1.143745035446601,-2.826740074251409,8.148336799105129,3.380973807297963,-0.608264846205263,0.391096077452538,1
31.910002231597900,3.174067446424785,-13.661322388773520,1.313911084215740,2.921724083928285,-3.497936614432203,-0.483408219054413,-2.402459413430161,2.273438381870097,1.176049133042485,-1.532420359714949,8.620941641754113,3.072240209953783,-0.604363287304762,0.389035269604340,1
31.920123338699341,3.203520794786200,-13.696614052635509,1.309078311722198,2.897346984803429,-3.474471934199961,-0.471350903062087,-2.411618614881900,2.363312439512328,1.205595808964964,-0.290122236991067,9.120747471831855,2.767431920220071,-0.600433687506317,0.387312595774038,1
31.930099248886108,3.232303097765429,-13.731154303240325,1.304436811972456,2.873294973601809,-3.450435958497756,-0.459191695283507,-2.408719570652719,2.456400181809633,1.231756057528946,0.859162623856034,9.529053581401168,2.479547404610847,-0.596579071868007,0.385488094246224,1
31.940001726150513,3.260639279451633,-13.765201807895151,1.299950246044925,2.849501432134614,-3.425637439101127,-0.446876612119185,-2.394857155802113,2.552446174228689,1.254945519123303,1.928845247225672,9.855629727060562,2.205770517191453,-0.592771083971141,0.383552209111169,1
31.950127124786377,3.289369905052792,-13.799756002618603,1.295490039437065,2.825368636237856,-3.399282341270200,-0.434061040170425,-2.370089186527597,2.653604702960341,1.275914282464750,2.951499963959021,10.112366376307076,1.937970942731394,-0.588897935477583,0.381444386942823,1
31.960031747817993,3.317237042022255,-13.833291197542605,1.291253917525947,2.802055206767076,-3.372501464843054,-0.421333287583087,-2.336182868340659,2.754704491322956,1.293859270776216,3.884484206188845,10.291772967520735,1.687658402018235,-0.585130783749725,0.379257067420670,1
31.970015048980713,3.345095727466071,-13.866821704928846,1.287112269809180,2.778940198606609,-3.344484754470316,-0.408336041239670,-2.293003569754417,2.858037620751989,1.309401231431006,4.745296824037785,10.384492375427982,1.389809824498254,-0.581357499435868,0.376014714999724,1
31.980093955993652,3.372989441618747,-13.900384307753656,1.283063321903911,2.756083208379841,-3.315150590700762,-0.395074620717906,-2.241180980339273,2.962713581017765,1.321389050312499,5.529346382717000,10.376890076360761,0.992716539938087,-0.577593757537826,0.370813770338550,1
31.990016698837280,3.400227290788210,-13.933131367826173,1.279208387985985,2.734129333962277,-3.285243008377102,-0.381920406211051,-2.182691466452911,3.065417903003425,1.329390637889150,6.251806324048819,10.315798271024978,0.623657911388736,-0.573939977272982,0.365640808900086,1
31.999994039535522,3.427397760161647,-13.965753524200515,1.275464270890743,2.712675507992918,-3.254147997883280,-0.368632109435555,-2.116897044576631,3.167819757341431,1.333849985908458,6.929513243173052,10.203885677957462,0.273764492605055,-0.570318194669161,0.360386644943565,1
32.010129928588867,3.454787553313176,-13.998575022023312,1.271796152839975,2.691584525662035,-3.221515411292689,-0.355103151842669,-2.043373551020255,3.270469551338498,1.334912393288588,7.568810613328229,10.041484656156626,-0.060665260029734,-0.566692382834466,0.354994068871886,1
32.020118713378906,3.481572554238546,-14.030589229288887,1.268315676695982,2.671561176209464,-3.188349675493838,-0.341777253360603,-1.964823498475885,3.369783785972444,1.332744553185605,8.151000088526798,9.836469986428012,-0.370119786402612,-0.563173186475310,0.349626604082359,1
32.030023336410522,3.507936429308472,-14.061999500593844,1.264996037215118,2.652510370597364,-3.154497065097168,-0.328600807084014,-1.881428722318725,3.466025372988595,1.327638480650119,8.682210239154985,9.592000931435875,-0.657894282991775,-0.559737087081707,0.344252289076217,1
32.040089845657349,3.534546004233385,-14.093579272239545,1.261755092790664,2.634018108336858,-3.119122437760014,-0.315273213297328,-1.791498515921144,3.561174080325325,1.319621854590275,9.176049275745084,9.304320315253657,-0.931620318030258,-0.556299144505575,0.338735816794807,1
32.050091981887817,3.560803748439147,-14.124597486274554,1.258667530272335,2.616565908183191,-3.083042900641499,-0.302125083016265,-1.697453462641708,3.652655064699562,1.309019454308623,9.621512995307725,8.982159774995315,-1.185447611508393,-0.552938695504158,0.333201560904398,1
32.059996604919434,3.586638160740314,-14.154953257689284,1.255739101980438,2.600231890783531,-3.046429774068926,-0.289221783254592,-1.600151459251303,3.739902523341998,1.296104541272414,10.019145125193376,8.630097836813935,-1.419606483518144,-0.549665816682808,0.327668760095055,1
32.069996356964111,3.612561516504686,-14.185228391674389,1.252911511933094,2.584737857771556,-3.008606505289620,-0.276335765753364,-1.498134559195649,3.824295075584146,1.280796793805552,10.377623575888052,8.243891786898391,-1.639263861949757,-0.546417359946378,0.322029821888250,1
32.079994916915894,3.638330804722272,-14.215116191849019,1.250212417547390,2.570283508281992,-2.969965641324118,-0.263615639736396,-1.392762695444318,3.904668605115934,1.263377257597580,10.693838500866327,7.829374098122719,-1.842656233622261,-0.543226085387735,0.316338587265170,1
32.090023994445801,3.664040753207025,-14.244705237675156,1.247631754855163,2.556857678240863,-2.930418021741406,-0.251040725697739,-1.284093504493417,3.980996926667613,1.243939425683197,10.969646695677268,7.387523771529017,-2.030972918007956,-0.540082277927342,0.310576091098950,1
32.100103616714478,3.689750171179839,-14.274039959983716,1.245164139382092,2.544475647495722,-2.889922655276019,-0.238608176779494,-1.172295407105468,4.053122640626170,1.222578010430273,11.204547137204294,6.913894673477659,-2.203437603802432,-0.536981130721826,0.304705416351808,1
32.110033750534058,3.714961185583378,-14.302536363599133,1.242854647371077,2.533387324468509,-2.849352832174592,-0.226576051282851,-1.060944721360143,4.116021459603207,1.200818065010196,11.221124218832722,5.760718064533973,-2.179321739200377,-0.533999350587533,0.295857136517196,1
32.120121240615845,3.740464645778115,-14.331068827492432,1.240629787979588,2.523256162653059,-2.807558779941653,-0.214573288330970,-0.947698340546035,4.168388267165185,1.178953862137549,11.230344660460091,4.628412970086624,-2.155747471734984,-0.531059954479177,0.286934375433430,1
32.130028486251831,3.765417875191317,-14.358678065324204,1.238561516863733,2.514418476483258,-2.766053105598345,-0.202998808289572,-0.836429001573490,4.208893537759653,1.157707811261451,11.230933889688904,3.555105320165187,-2.133496648699091,-0.528260435031088,0.278235739125945,1
32.140148401260376,3.790823283317569,-14.386454846968951,1.236566054950578,2.506528698300997,-2.723294611017365,-0.191391505035484,-0.722807221006365,4.239491766332699,1.136227653251846,11.221930286432972,2.498629222952828,-2.111683168262004,-0.525489331804728,0.269415930181645,1
32.150211811065674,3.816012814091523,-14.413645424299528,1.234697180157999,2.499822745465020,-2.680521569665760,-0.180063753372837,-0.609965061477011,4.259519152090584,1.115082243258299,11.202485352301316,1.488311931623032,-2.090901660425366,-0.522821941340678,0.260711692107525,1
32.160024881362915,3.840515550292786,-14.439743657033878,1.232983602877875,2.494376180002583,-2.638667310109765,-0.169221992244666,-0.500174086985067,4.269449064214128,1.094660455880557,11.172696058803876,0.541944617418409,-2.071501327565167,-0.520305004313266,0.252287678976499,1
32.169994115829468,3.865355404096770,-14.465832605450085,1.231350908984114,2.489945059991256,-2.596099698179837,-0.158413523305875,-0.388984764849621,4.270324017850812,1.074067632976943,11.145583157040864,-0.317141263219429,-2.077416349472625,-0.517833385215657,0.243359929988808,1
32.179993152618408,3.890239017769327,-14.491581970561327,1.229820024196975,2.486612233209437,-2.553421079393494,-0.147776936312111,-0.277543860127975,4.263628232350450,1.053004731823674,11.139385826276554,-1.018580233952747,-2.134361373749028,-0.515448676591146,0.233564991996808,1
32.190117597579956,3.915402287894461,-14.517215627710632,1.228377461967520,2.484372934588784,-2.510318281909111,-0.137226183866209,-0.164839162786635,4.249808145680390,1.031116720908589,11.122671015816987,-1.707920286644392,-2.188911905085454,-0.513133724353802,0.223751865578173,1
32.200066328048706,3.940111719305560,-14.541979509590035,1.227062933143618,2.483283046564587,-2.468134531563642,-0.127077294704433,-0.054312489463926,4.229534615560511,1.009086401261394,11.095232157186850,-2.364252620966083,-2.239457938830552,-0.510955276081738,0.214210233782297,1
32.210062980651855,3.964935369294770,-14.566441678377588,1.225842631229041,2.483293889643579,-2.425982192760981,-0.117102514142333,0.056416398278628,4.202693269015306,0.986458212111026,11.055948305334248,-3.002156669299046,-2.287181914651156,-0.508861394221263,0.204723206057187,1
32.219986915588379,3.989585770327190,-14.590312237445694,1.224728637668541,2.484397510669111,-2.384429913236636,-0.107425643869887,0.165898822076344,4.169845949708465,0.963536241434261,11.004694042090090,-3.613491525998564,-2.331510310176875,-0.506875913029621,0.195404459498384,1
32.230103254318237,4.014727976662521,-14.614220099204086,1.223690830238733,2.486637721411491,-2.342443547354353,-0.097798667430409,0.276901435910685,4.130237456056550,0.939735667620925,10.939295375688310,-4.213558009704057,-2.373556467657960,-0.504946839029548,0.186008659472491,1
32.240027904510498,4.039422995713925,-14.637265879321820,1.222766084697881,2.489923106544774,-2.301668428575306,-0.088589382044482,0.384926968593785,4.085536163825846,0.916010595249438,10.812520805292710,-4.796813962178062,-2.404672723336313,-0.503143179992363,0.177749577568699,1
32.250612258911133,4.065798535876324,-14.661397529814192,1.221879331691383,2.494599622306707,-2.258709747400133,-0.079030077864411,0.498553429030063,4.031505021734720,0.890410898670823,10.662171411814931,-5.410772116468033,-2.432830519459686,-0.501305825978618,0.169480149581093,1
32.260049104690552,4.089364567808629,-14.682534950059397,1.221172809052818,2.499777543566717,-2.220912027359009,-0.070735680085128,0.598576707523049,3.977923344974626,0.867337733452687,10.536016109095103,-5.941627054675140,-2.456716446256918,-0.499740871616204,0.162184312014943,1
32.270007133483887,4.114289428847510,-14.704455146364497,1.220511004586191,2.506258585840185,-2.181602426708280,-0.062220709211989,0.702847523009645,3.916047960611166,0.842754140776112,10.405590410606958,-6.481618093472541,-2.480301733296775,-0.498163799654347,0.154565571366113,1
32.279994487762451,4.139358895046476,-14.726050905847403,1.219931164207003,2.513795522645517,-2.142820691407653,-0.053927310616104,0.806119284748333,3.848701487919790,0.817870763786079,10.272708905961089,-6.999603624328347,-2.501959028102495,-0.496657807519093,0.147006373009686,1
32.290051698684692,4.164681366961570,-14.747406765095070,1.219429776388799,2.522419384264971,-2.104478649102022,-0.045829251095153,0.908728577638643,3.775797242959573,0.792609765070579,10.132445936553417,-7.494727513654635,-2.521448931232376,-0.495217359613200,0.139478703664321,1
32.299990415573120,4.189799323267206,-14.768138823744366,1.219012998164200,2.531949733261374,-2.067327292535371,-0.038075996323646,1.008709969075541,3.698987728758567,0.767462651246410,9.983739990566317,-7.955977718450131,-2.538185094332670,-0.493867654803609,0.132120806631809,1
32.310037851333618,4.215289694694804,-14.788723359328486,1.218668763555527,2.542581791036560,-2.030571292660298,-0.030493310823934,1.107217250422997,3.617514202890368,0.742053882581163,9.629999434261146,-8.263554883202010,-2.519532213159210,-0.492589861560202,0.122241945827334,1
32.320092916488647,4.240913719048571,-14.808959901785679,1.218399232157795,2.554196461516939,-1.994619147772526,-0.023158782668544,1.202398468957575,3.532837914478323,0.716816363409020,9.306215564407697,-8.579655540488083,-2.500130412647503,-0.491410035165254,0.112445210831583,1
32.330014944076538,4.266317215587729,-14.828578079579829,1.218204327932819,2.566579835978787,-1.959993723025078,-0.016169254807628,1.293249853527477,3.446146281781675,0.692107277843404,9.010044458321675,-8.895008899175661,-2.480410015923846,-0.490341829274458,0.102894024611451,1
32.339992761611938,4.291991936684294,-14.847964481346246,1.218077036251798,2.579927418862565,-1.926056728721360,-0.009386667290818,1.381732382283519,3.355818300559977,0.667460258855215,8.727812846823598,-9.209948441212843,-2.459809463691464,-0.489362607824285,0.093405032832741,1
32.350040197372437,4.317986654571947,-14.867149950045910,1.218015997762119,2.594247219254480,-1.892807156699326,-0.002803742799709,1.468042524973979,3.261710489080079,0.642851856435901,8.452438625215036,-9.519806101139212,-2.438114607717714,-0.488471577998292,0.083966609214961,1
32.359989643096924,4.343870148427870,-14.885821135359727,1.218019518708628,2.609266224856435,-1.860833324699881,0.003471525618254,1.550790890197872,3.165521026180297,0.618706994158456,8.182520539325719,-9.814962364153949,-2.415553601485357,-0.487682220605362,0.074737698096944,1
32.369988441467285,4.370038548140115,-14.904270641694042,1.218084756266572,2.625176764248148,-1.829677273587496,0.009537527282826,1.631248866568300,3.065991174116155,0.594700800042160,7.913131005374789,-10.079371253428812,-2.374824441133687,-0.486980268713486,0.065910056490811,1
32.379990816116333,4.396379459689248,-14.922420077161231,1.218209510356983,2.641884593464459,-1.799517945246378,0.015368384259879,1.709085917500439,2.964082782809669,0.571316156699363,7.650540045215855,-10.295130338216264,-2.301388748530587,-0.486361408169520,0.057848968484848,1
32.389993190765381,4.422890705055745,-14.940272558870737,1.218391424226160,2.659357410648850,-1.770389182265378,0.020968842714657,1.784292635775889,2.860089592827697,0.548654818584138,7.387474951127176,-10.496663978158653,-2.230296657991122,-0.485822700403337,0.049885873548233,1
32.399990320205688,4.449565112813983,-14.957828955987424,1.218628082107624,2.677558658507004,-1.742326172139851,0.026343143336041,1.856823204929765,2.754214425338889,0.526705435927173,7.123658544982965,-10.683508027086003,-2.161530920476167,-0.485363391950747,0.042025050007693,1
32.410121440887451,4.476790869293670,-14.975342821782913,1.218921656535994,2.696733191610504,-1.714971691695865,0.031569975025987,1.927640592679607,2.645072914464163,0.505148119219814,6.854940425838414,-10.857677084570373,-2.094108756052093,-0.484977534405319,0.034157233600330,1
32.420025587081909,4.503592113601782,-14.992198172462794,1.219258725758367,2.716154342379076,-1.689312651202616,0.036470800986049,1.994217625170521,2.536769269992109,0.484727582968226,6.590653678343373,-11.012809510959819,-2.030373376699270,-0.484676952173033,0.026564313804919,1
32.429989099502563,4.530757220728518,-15.008907154413357,1.219645870042569,2.736348426688060,-1.664584227488057,0.041201089142991,2.058557005152368,2.426318313379619,0.464806756717090,6.322754796286350,-11.153572893064762,-1.968347303659433,-0.484449916137543,0.019020995626700,1
32.440046072006226,4.558381763861905,-15.025527028623022,1.220083403414866,2.757365163196261,-1.640750352301760,0.045777337348501,2.120203789316375,2.312915872998016,0.445413172557898,5.880915031195689,-11.454655036765850,-1.878887582600806,-0.484302102554946,0.009823225379169,1
32.450103998184204,4.586222694080842,-15.041914157727486,1.220566031713234,2.778978371523168,-1.618073446999199,0.050163874597148,2.176803933498723,2.195832954724105,0.427034963764966,5.379364587021493,-11.823710702327656,-1.775903877117359,-0.484253343732677,-0.000104379228214,1
32.459991216659546,4.613804303661464,-15.057805850701737,1.221082564860671,2.800754570369551,-1.596947800730933,0.054300595900268,2.227668154808968,2.077242166872505,0.409971252688320,4.914599523033672,-12.162625348943891,-1.676343381348618,-0.484302059711520,-0.009728430147353,1
32.469991207122803,4.641927371696887,-15.073675371882850,1.221645863089178,2.823272150352194,-1.576786592499170,0.058318607832355,2.274572692635242,1.953994468456522,0.393700201927730,4.469003485579157,-12.479498862582023,-1.577911640119337,-0.484447474628254,-0.019328357476818,1
32.479967117309570,4.670193091130191,-15.089303043617077,1.222246695839174,2.846167857685782,-1.557927873225601,0.062167489730594,2.317008380492596,1.828095945159937,0.378443994367346,4.045693858985007,-12.767739353026551,-1.482600065233712,-0.484687359739269,-0.028763746465779,1
32.489987373352051,4.698842402217133,-15.104831233801292,1.222888682721766,2.869591760066249,-1.540247646054521,0.065888375855244,2.355507752812251,1.698771552861918,0.364047814958434,3.637838576932757,-13.028171910724328,-1.390111807223384,-0.485022686124920,-0.038112849247138,1
32.500096321105957,4.727971920135575,-15.120316970833558,1.223573110605285,2.893582532356825,-1.523744611638993,0.069499028361500,2.390266998892602,1.565873077667445,0.350450738138785,3.229163333397034,-13.267830723816283,-1.300479481569389,-0.485455031509194,-0.047341090605895,1
32.509992837905884,4.756724412614762,-15.135321527523402,1.224277830214873,2.917363094157042,-1.508918561422564,0.072905197332157,2.412666049816111,1.428498587184185,0.338115782538066,1.323262823193025,-14.473587928362141,-1.193634665959091,-0.485929002594016,-0.048439250829881,1
32.520024061203003,4.786110666939015,-15.150388437313277,1.225025973585151,2.941601197760398,-1.495336002138106,0.076238581682221,2.416892216694367,1.277736165562857,0.326654851353714,-0.455511416866778,-15.563275851242148,-1.092624972512954,-0.486420242557114,-0.049492957668375,1
32.529989242553711,4.815544117153665,-15.165228896888642,1.225801747804498,2.965635932340575,-1.483392217098291,0.079441077464182,2.404158425323041,1.117779654105691,0.316237122371116,-2.076396385619554,-16.519241658999924,-0.999360828058484,-0.486918418227101,-0.050480459144417,1
32.540149450302124,4.845801392538934,-15.180246755833524,1.226625096534079,2.989930632270687,-1.472902466792240,0.082604294401069,2.375272655212041,0.945504081789239,0.306535888176918,-3.585661399411802,-17.369750841148644,-0.911329142168410,-0.487436204782926,-0.051426533386873,1
32.550084590911865,4.875620485614085,-15.194835058073808,1.227460683167231,3.013327502191229,-1.464378977618508,0.085605842899922,2.332880365380987,0.769302530958470,0.297882217545561,-4.927418555903455,-18.085357100279207,-0.831957442562329,-0.487951433632883,-0.052292120997133,1
32.559991598129272,4.905586454592099,-15.209307527293065,1.228323246353767,3.036176678629411,-1.457655486118690,0.088517283206715,2.277959622900137,0.587052371740379,0.290005806431068,-6.139638578288947,-18.689973381582778,-0.759196563680251,-0.488473513949953,-0.053096856917450,1
32.569992065429688,4.936063937122801,-15.223859237931457,1.229222882047240,3.058633356271793,-1.452727302853591,0.091380733630459,2.211725791972674,0.398106998527450,0.282698424717867,-6.761769705306762,-18.835866224303132,-0.726407461332073,-0.489010390311012,-0.055113866287729,1
32.580028772354126,4.966872821698045,-15.238422931478311,1.230154158461718,3.080498297742383,-1.449669635336300,0.094180831178758,2.145969426917231,0.212250279622613,0.275206842577685,-6.343262601431676,-18.201976780332391,-0.765924892156283,-0.489586758236700,-0.059725323190430,1
32.590027093887329,4.997776638495938,-15.252908555896866,1.231109365971263,3.101642643728979,-1.448446960850234,0.096893344322625,2.084587296666131,0.033372215838745,0.267365012839167,-5.938182402665769,-17.584374901139014,-0.802334089205061,-0.490206512052218,-0.064242407704526,1
32.600033044815063,5.028915645511979,-15.267403230507572,1.232092148516620,3.122210745547943,-1.448983181773511,0.099527910611217,2.027142804402361,-0.139539822228105,0.259166299211521,-5.545911462725536,-16.978581589276377,-0.835928541401040,-0.490871634230069,-0.068687013845202,1
32.609997987747192,5.060131042791357,-15.281853352915752,1.233096764262957,3.142143925110136,-1.451207120455290,0.102068703540654,1.973760572991782,-0.305785968078233,0.250680167826394,-5.169551553222447,-16.386131722672854,-0.866660438456848,-0.491577904552459,-0.073037794202592,1
32.620084285736084,5.091923173169369,-15.296508991701927,1.234138861431118,3.161795165476593,-1.455114837291031,0.104552560957642,1.923474366067100,-0.468079053214909,0.241793161381591,-4.804367975109427,-15.796307322868397,-0.895094307966706,-0.492336468367813,-0.077363983944679,1
32.629991769790649,5.123340729509995,-15.310950332318988,1.235186384142032,3.180620935718499,-1.460517922749260,0.106903655639906,1.877586720797838,-0.621738646224561,0.232797560888696,-4.462098317422326,-15.225374633826590,-0.920505456844977,-0.493123650318090,-0.081537712886464,1
32.640036106109619,5.155381168077674,-15.325653826986709,1.236271721887591,3.199260613625750,-1.467521618433412,0.109195465722020,1.834650347365416,-0.772025289330489,0.223614095319592,-4.070513818365943,-14.723478726438371,-0.889651963749788,-0.493957070549966,-0.083743092401008,1
32.650006532669067,5.187370462843345,-15.340326781429241,1.237371443865259,3.217357497041564,-1.475943261139063,0.111381761754618,1.796014174044065,-0.916466876884610,0.215024095958959,-3.685862703679890,-14.246973310476013,-0.833980220478914,-0.494797847778412,-0.084902104062319,1
32.659993886947632,5.219593099960727,-15.355115956641029,1.238494467813549,3.235117452663440,-1.485798998582230,0.113488623677555,1.760968262026130,-1.056307521120558,0.206958907285612,-3.338135185766739,-13.753314000348819,-0.781617056483982,-0.495651488343535,-0.086033097805778,1
32.669993400573730,5.252029422563124,-15.370027948145118,1.239639490086617,3.252564327183593,-1.497040451116238,0.115519820047667,1.729180090212860,-1.191297725671923,0.199391728193310,-3.025767880986308,-13.244368651967656,-0.732461919747515,-0.496517292896582,-0.087135350733665,1
32.680006265640259,5.284679979475664,-15.385078084953987,1.240805937091603,3.269729871792189,-1.509622734643553,0.117480184640550,1.700309515288769,-1.321292857131424,0.192291620221890,-2.746991845730213,-12.721674795850491,-0.686381924793834,-0.497395083399318,-0.088208858230440,1
32.690145015716553,5.317922580438572,-15.400456049261420,1.242006976063526,3.286834504346343,-1.523665698892527,0.119395528663446,1.673746887556393,-1.447558688851902,0.185555237975461,-2.497437886758800,-12.180551678899761,-0.642770937936675,-0.498294919951191,-0.089265379724715,1
32.699957847595215,5.350256721687050,-15.415479482647319,1.243187447276298,3.303142366674928,-1.538448640334605,0.121186090225829,1.650301832937787,-1.564477391622515,0.179443216532545,-2.285620137825624,-11.647153917442695,-0.603367530547772,-0.499175783205271,-0.090258364804002,1
32.709989547729492,5.383473151723695,-15.430992282915717,1.244411991265767,3.319587974674068,-1.554718508436106,0.122956443976918,1.629295235177397,-1.678510565496232,0.173604354553172,-1.907708313359558,-11.088333929370030,-0.561237130504118,-0.500074985648778,-0.089002167472721,1
32.720332384109497,5.417894713632747,-15.447164653773138,1.245692923396683,3.336344254825625,-1.572662257014699,0.124722761500609,1.611401244455930,-1.790202761003102,0.168011336781519,-1.559615050768149,-10.508662739957874,-0.520763528475369,-0.500988719221490,-0.087683314877238,1
32.730002403259277,5.450233142274087,-15.462457970623202,1.246906803187165,3.351858613446737,-1.590456857269627,0.126323683205961,1.597736904401687,-1.889194491089207,0.163147544186447,-1.272447079977774,-9.964497148791818,-0.485584287676744,-0.501830685995466,-0.086452360087933,1
32.740044832229614,5.483964671730999,-15.478522335704900,1.248183180014878,3.367839614055654,-1.609916220029091,0.127937723002139,1.586302973335458,-1.986391819439417,0.158444909841054,-1.011474294083408,-9.398197360244634,-0.451669225566152,-0.502692224204207,-0.085176548420474,1
32.749996662139893,5.517569722254434,-15.494648886447965,1.249464569047459,3.383584859743264,-1.630147011481816,0.129493174600772,1.577373849121351,-2.077152833961720,0.154105486420919,-0.788161714774203,-8.836178838276082,-0.420552591011384,-0.503533862948464,-0.083913658870728,1
32.760088920593262,5.551795507972235,-15.511206842391893,1.250779131248285,3.399466268575601,-1.651548956723824,0.131027426557492,1.570418315120509,-2.163449962789934,0.150010323303700,-0.595889292269127,-8.266814716265108,-0.391450913699223,-0.504374230807316,-0.082635640213257,1
32.770041704177856,5.585706535924526,-15.527752441494293,1.252090553920209,3.415069117393367,-1.673480959402492,0.132501467254202,1.565271232876843,-2.242935350786215,0.146246129836535,-0.454252011701337,-7.706106230383384,-0.365935615181287,-0.505190592173921,-0.081490718505790,1
32.779993295669556,5.619768527598069,-15.544518142454493,1.253416304951150,3.430624690014159,-1.696173555988587,0.133939061448857,1.561193987129674,-2.316847646129744,0.142714269650113,-0.368559394465304,-7.149754485928287,-0.344209023325000,-0.505996952725313,-0.080569487937553,1
32.789993047714233,5.654152742909134,-15.561596872531242,1.254762773474420,3.446219372346608,-1.719690267045409,0.135349332520382,1.557855889761763,-2.385579023965845,0.139373456909614,-0.302278851516870,-6.597743878328759,-0.324261529036528,-0.506798011170333,-0.079642072839573,1
32.799996852874756,5.688707604619951,-15.578921598247506,1.256123767673702,3.461790344344819,-1.743877322471826,0.136727747112171,1.555084837402134,-2.448853157320079,0.136221734751457,-0.254728275415205,-6.052935538655935,-0.306105736146287,-0.507590124841290,-0.078712572550626,1
32.809997081756592,5.723404017207788,-15.596484205301218,1.257497837522572,3.477329381190312,-1.768660094908802,0.138074970582896,1.552701185874869,-2.506693177401142,0.133244186990415,-0.224840186173310,-5.516128083619069,-0.289667931396621,-0.508372615830151,-0.077781762313902,1
32.819995164871216,5.758247381222060,-15.614293171535712,1.258884901362456,3.492842098240108,-1.793988471380879,0.139392901453218,1.550533239142166,-2.559193384512377,0.130423487557803,-0.211512683478797,-4.987554509382737,-0.274856884052363,-0.509145606849304,-0.076849488415462,1
32.830003738403320,5.793280863240406,-15.632376126130593,1.260286411848532,3.508349049264396,-1.819841558614923,0.140684624825445,1.548418054343918,-2.606495566803333,0.127740489891247,-0.213693972782264,-4.466885600473130,-0.261571152297177,-0.509910028895293,-0.075914592864790,1
32.839998245239258,5.828425741892002,-15.650697208328065,1.261698957587815,3.523815145570424,-1.846108791200796,0.141948541951176,1.546138695170009,-2.648364991642535,0.125166519037376,-0.251346641329341,-3.891144373767490,-0.255597844622223,-0.510661674649188,-0.074232646064080,1
32.849993944168091,5.863725089735243,-15.669282836722703,1.263124008847642,3.539256065564028,-1.872764882558604,0.143186914729522,1.543356483314987,-2.684290373534623,0.122624835245605,-0.306167337424576,-3.300407630698693,-0.253006942065617,-0.511393426448636,-0.072187065305245,1
32.859997034072876,5.899206595872180,-15.688151549110959,1.264562447782859,3.554678473415081,-1.899772230953277,0.144400952941624,1.539999387489731,-2.714428404173520,0.120105978396872,-0.365797937120863,-2.728364006674587,-0.250632432404505,-0.512105370248508,-0.070157209110304,1
32.869990825653076,5.934807301431419,-15.707273001011020,1.266011482342234,3.570049224969821,-1.927025981425284,0.145588759814454,1.536027394983079,-2.738917526763096,0.117612250205515,-0.429831520035940,-2.175738612110705,-0.248468926474375,-0.512796429331988,-0.068146652600984,1
32.880000352859497,5.970618679409765,-15.726699168020135,1.267474607372252,3.585401476612443,-1.954541236144808,0.146753589369263,1.531386468269387,-2.758003209186570,0.115135202193466,-0.498142534137973,-1.640846797963236,-0.246501679319912,-0.513468539006735,-0.066150231531546,1
32.889995574951172,6.006531973771352,-15.746373261574163,1.268947152402505,3.600681956298511,-1.982181390399176,0.147892108291614,1.526050232783644,-2.771810877287279,0.112680384342323,-0.570237562317843,-1.125034090001801,-0.244727514518369,-0.514119834352233,-0.064173989481626,1
32.899996042251587,6.042617549513102,-15.766335251011556,1.270431771942230,3.615913771724953,-2.009949338175389,0.149006780859199,1.519971638292144,-2.780556634534037,0.110241053739909,-0.645972683783493,-0.626978409626147,-0.243133659450355,-0.514751804406674,-0.062213990911772,1
32.910005569458008,6.078884565727677,-15.786591809676844,1.271928633709436,3.631090777776598,-2.037801229385210,0.150097895699808,1.512386522316858,-2.783971212621951,0.107781165865962,-0.867560964154502,-0.060152812638331,-0.248274371965832,-0.515362835943865,-0.059886678645926,1
32.919997215270996,6.115243955994273,-15.807093721160923,1.273433841476285,3.646156648042124,-2.065614301151463,0.151162440537129,1.502676562098646,-2.781870604471260,0.105278480454556,-1.073239372348533,0.475583155284124,-0.252479330082491,-0.515949729715045,-0.057582484500396,1
32.930109977722168,6.152192443465605,-15.828124432416727,1.274967814671101,3.661294278533446,-2.093712861937412,0.152214101241767,1.490837317657180,-2.774446810228441,0.102707617246591,-1.265692403119779,0.987701537927475,-0.255824542203449,-0.516520332959246,-0.055271883831815,1
32.939997196197510,6.188466871643985,-15.848961872774209,1.276477840684529,3.675970466219398,-2.121089653813297,0.153217094281007,1.477452626631204,-2.762322221660366,0.100165367885624,-1.439309369332462,1.460182497532554,-0.258268912755463,-0.517055760551275,-0.053033320169198,1
32.950089931488037,6.225639823943765,-15.870508351790958,1.278029167207168,3.690804824410260,-2.148884875012960,0.154214780693462,1.462092516984071,-2.745269798466320,0.097549637825798,-1.602380337849701,1.914600837686067,-0.259979832937654,-0.517579533068191,-0.050769569151804,1
32.959974765777588,6.262193101143816,-15.891882998629553,1.279558241652752,3.705176299307525,-2.175920300761523,0.155166300287935,1.445518865493881,-2.724254014672598,0.094974521589599,-1.748933703126552,2.333365057147474,-0.260943476625476,-0.518070496727151,-0.048572980907325,1
32.969995260238647,6.299393959889649,-15.913823684487634,1.281117846359005,3.719571306883536,-2.203095407231530,0.156104910915716,1.427288828555288,-2.698869744953855,0.092362670985236,-1.892798659832537,2.721607790267282,-0.258157039715483,-0.518549885248466,-0.048640138940911,1
32.980015754699707,6.336722103650692,-15.936025777510746,1.282686052523715,3.733770189566516,-2.229986120596551,0.157017260454300,1.407579951544877,-2.669872128542288,0.089823008839838,-2.040432782668242,3.064809585281048,-0.249001156369894,-0.519060584435069,-0.053307893636795,1
32.989997148513794,6.374073510634647,-15.958424692783996,1.284258301888630,3.747720824636486,-2.256486512863636,0.157901875103890,1.386522154804542,-2.637650012731902,0.087380836840737,-2.175497933013692,3.385866662528570,-0.240226695136424,-0.519615492472629,-0.057816772035412,1
32.999963283538818,6.411494986013692,-15.981045194245956,1.285836387070569,3.761429940258500,-2.282602350241969,0.158760995693959,1.364215436641694,-2.602391067143676,0.085028742394720,-2.298813543258390,3.686055729699195,-0.231813939002497,-0.520213576041179,-0.062173876335024,1
33.010103464126587,6.449708096964090,-16.004325435180245,1.287450659890111,3.775143779640024,-2.308797806995332,0.159611466202432,1.340315454112422,-2.563548516593436,0.082719921309371,-2.413037441446086,3.971379348927084,-0.223603528445540,-0.520865916187645,-0.066459726259816,1
33.020107030868530,6.487536043393072,-16.027547017130718,1.289051292816828,3.788427976330817,-2.334236866767969,0.160427826330119,1.315659622879930,-2.522497112317758,0.080522386453617,-2.515134919739478,4.233637824193098,-0.215844367789740,-0.521551222974384,-0.070541743256812,1
33.029996633529663,6.525067832696095,-16.050755480133745,1.290641840367353,3.801315422724778,-2.358973505255258,0.161213763931373,1.290326218591469,-2.479418649740074,0.078424258243203,-2.606274234114212,4.474868843375401,-0.208498711590644,-0.522268258974408,-0.074435772354403,1
33.040097475051880,6.563529690253016,-16.074708802949530,1.292274200261110,3.814214507446273,-2.383785542436042,0.161995411992365,1.263624101858901,-2.433077295177209,0.076359187208795,-2.674167274135932,4.695304664837711,-0.200009738954761,-0.523039889284260,-0.078354736389355,1
33.049998283386230,6.601354996286396,-16.098428691507895,1.293881796377346,3.826593453917524,-2.407641567546400,0.162741767937942,1.236881711402296,-2.385603315745341,0.074421567438266,-2.727064401100146,4.892223601264313,-0.191473401750558,-0.523834309576825,-0.082097628579897,1
33.060035943984985,6.639826891628132,-16.122715128092612,1.295519060244714,3.838870632787401,-2.431337816381115,0.163479279921116,1.209260020984602,-2.335555245770905,0.072541110504088,-2.775736682484233,5.077457669971653,-0.183284095716206,-0.524676821638584,-0.085748440766415,1
33.069993019104004,6.678111219487922,-16.147039661361752,1.297150441011409,3.850773270119273,-2.454339098561944,0.164192636976377,1.181400275907041,-2.284140303381803,0.070754655775103,-2.819343823335231,5.247352544877561,-0.175612802094824,-0.525548082345723,-0.089226961174007,1
33.079992771148682,6.716676592904234,-16.171695763923793,1.298795835267462,3.862445345779328,-2.476914905614385,0.164891508621021,1.153007153189717,-2.230871084080091,0.069035239418105,-2.858701358028746,5.404553163601398,-0.168352214470026,-0.526457198874088,-0.092576901191799,1
33.089992523193359,6.755357258216144,-16.196574929978212,1.300448133291906,3.873831600465000,-2.498950392335688,0.165573542260224,1.124241661033182,-2.176095195288551,0.067386247388891,-2.893860230876887,5.548770713037466,-0.161525915602673,-0.527399095435074,-0.095783130261762,1
33.099995136260986,6.794158675511580,-16.221677091533859,1.302107526869196,3.884930866369622,-2.520435682762197,0.166239561771662,1.095138296838047,-2.119927983929099,0.065803054065892,-2.925067722723024,5.680490683559799,-0.155123400411350,-0.528372547055278,-0.098846308932550,1
33.109987020492554,6.833033422515787,-16.246967684104650,1.303771951099363,3.895727850850889,-2.541333015158701,0.166889114514564,1.065833482105271,-2.062374673231109,0.064179654331417,-2.939701904845995,5.836095259240181,-0.169566113577375,-0.529377423651917,-0.102253021147737,1
33.119996070861816,6.872076992532661,-16.272505116838985,1.305445458663262,3.906247880793351,-2.561679729607278,0.167522744091228,1.036350879515452,-2.003247972481804,0.062415847128651,-2.951273601105256,5.976605787969363,-0.182670627645534,-0.530417283241437,-0.105515833212175,1
33.130034208297729,6.911342028756185,-16.298320755782751,1.307130268499342,3.916502543503042,-2.581486241508272,0.168139904390839,1.006677960990214,-1.942605992291429,0.060521631139039,-2.960026410607373,6.102712229981177,-0.194500507004985,-0.531492314395971,-0.108638299651223,1
33.139995574951172,6.950405204403294,-16.324131257881458,1.308808141991602,3.926383460721941,-2.600532576226555,0.168732953979192,0.977159628934566,-1.881250162491444,0.058530877265201,-2.966126710334790,6.213752848374403,-0.204991636890828,-0.532589315287085,-0.111588105753984,1
33.149993658065796,6.989709857580381,-16.350224585897621,1.310498038962711,3.936004862277167,-2.619029216641927,0.169307744527224,0.947483343789983,-1.818624049788689,0.056433723325789,-2.969894150424200,6.311656323436071,-0.214323918962523,-0.533719163019861,-0.114399906178633,1
33.160054683685303,7.029356612628200,-16.376665046541891,1.312204227506959,3.945386948748261,-2.637005080138256,0.169864521663953,0.917593907743701,-1.754683481795493,0.054235093763810,-2.971534047549814,6.397043419131592,-0.222555703461413,-0.534883718558297,-0.117078782854703,1
33.170786857604980,7.071750480403888,-16.405064940301390,1.314030279610081,3.955063385918376,-2.655466304221314,0.170433622426199,0.885706463204943,-1.685612378536077,0.051820194428363,-2.969842652160081,6.470165228788344,-0.222647631346411,-0.536144827493410,-0.114854540024466,1
33.180061340332031,7.108469345212235,-16.429764649592322,1.315613162733089,3.963150189974753,-2.670820510698170,0.170904805045204,0.858183026570649,-1.625379577477624,0.049804467069165,-2.965322125556280,6.517272957547442,-0.212119456787540,-0.537168611683637,-0.105932429419456,1
33.190061092376709,7.148139436798416,-16.456550447729132,1.317324501023351,3.971583048179355,-2.686746215585263,0.171392379980415,0.828560637864038,-1.559999943606824,0.047737890342447,-2.959591019103423,6.558253805967000,-0.201332192112796,-0.538180092169661,-0.096397762498109,1
33.199991941452026,7.187624798151728,-16.483310548713249,1.319029058331264,3.979666283760482,-2.701915822503001,0.171856742642933,0.799197898433056,-1.494702602965677,0.045789153106830,-2.953173659714812,6.589324391079423,-0.191184732542223,-0.539090825176660,-0.087013969871246,1
33.209988594055176,7.227448531894967,-16.510394897181140,1.320749348067553,3.987508326215797,-2.716528535546002,0.172305101649016,0.769710081106792,-1.428712221434316,0.043926621502039,-2.946140780947214,6.611345887188910,-0.181529962825404,-0.539913846076459,-0.077656002268939,1
33.220019817352295,7.267483491690726,-16.537713817977739,1.322479835386174,3.995080826126042,-2.730526399695187,0.172736731493795,0.740196023915004,-1.362323573405790,0.042152056268477,-2.938658534378615,6.624551329838155,-0.172394788592039,-0.540646052693225,-0.068354615680754,1
33.230102062225342,7.307801902805512,-16.565313071536981,1.324223605319306,4.002394774038651,-2.743925483331158,0.173153124648997,0.710605502438694,-1.295499175643355,0.040457845872699,-2.930857299086821,6.629288245964772,-0.163757472632080,-0.541288490753645,-0.059093698006117,1
33.239991188049316,7.347417318796668,-16.592511031163156,1.325937931941523,4.009278968593878,-2.756413022137767,0.173545347463961,0.681636620256239,-1.229960530417965,0.038876504263658,-2.930042260147049,6.622749053086219,-0.156300831107754,-0.541828211207291,-0.050059844658540,1
33.249989509582520,7.387536003760139,-16.620130249499155,1.327674970082834,4.015947542389317,-2.768379483748098,0.173926340855123,0.652330086896824,-1.163815835406411,0.037348063365952,-2.932300124704675,6.607638375092271,-0.149531168370525,-0.542283326976890,-0.040995506527377,1
33.260102033615112,7.428177341933815,-16.648181935002810,1.329435563890117,4.022393834944883,-2.779810299396040,0.174296462759696,0.622669723227731,-1.097105284025764,0.035868486620691,-2.934112031329988,6.585889911164299,-0.143196725919716,-0.542651894708827,-0.031918054093802,1
33.270063638687134,7.468281093993151,-16.675929319371136,1.331173759303360,4.028451584462609,-2.790413871985588,0.174646795475089,0.593431023311585,-1.031624886527278,0.034470931207879,-2.935559228020953,6.558438074444568,-0.137444396574304,-0.542925698215733,-0.023063089989487,1
33.279996156692505,7.508322554859010,-16.703694973016237,1.332910119881290,4.034201024255405,-2.800337513750526,0.174982487332228,0.564267297059140,-0.966642438755571,0.033132300083879,-2.936788067889045,6.525439902982374,-0.132177449093599,-0.543111291358005,-0.014322277233287,1
33.289992809295654,7.548676840211596,-16.731734849383813,1.334660909131739,4.039694793086901,-2.809674839494291,0.175307162353444,0.534904927591173,-0.901601406856750,0.031835615340537,-2.937925313604088,6.486873615448840,-0.127333945099483,-0.543210858971515,-0.005613603979124,1
33.300030469894409,7.589252377286110,-16.759981740450808,1.336422165449495,4.044915963291204,-2.818398732143548,0.175620378731648,0.505409291229026,-0.836704150646357,0.030580015616439,-2.939080285880472,6.443055219712887,-0.122917239185791,-0.543223689725679,0.003042218364850,1
33.309998273849487,7.629594963371821,-16.788114817990817,1.338174172013372,4.049807431816921,-2.826419627373460,0.175919128360482,0.476045623480635,-0.772802423852524,0.029369016287409,-2.952414717841336,6.378342863226174,-0.120099453866586,-0.543152017888534,0.011324571904959,1
33.319996118545532,7.670108575546928,-16.816411161998232,1.339934474075738,4.054419214149832,-2.833828495298493,0.176206804515067,0.446468756105991,-0.709368494219699,0.028181670918409,-2.963776751602693,6.310390198487815,-0.117443802115480,-0.542997617396155,0.019547282566012,1
33.329997777938843,7.710682299460323,-16.844789257499329,1.341698266667284,4.058736337071248,-2.840609055981629,0.176482842418212,0.416776011649214,-0.646604304348971,0.027019573597478,-2.973370549826037,6.239621042004458,-0.114960768928339,-0.542761324796915,0.027688094894077,1
33.339989423751831,7.751257033347697,-16.873203537700526,1.343462992568778,4.062752147442127,-2.846759585103309,0.176747119235738,0.387025005465302,-0.584622637728743,0.025882558040476,-2.981429576655899,6.166376622919605,-0.112656684432940,-0.542444391848514,0.035735832716458,1
33.350113153457642,7.792406555137077,-16.902052258165480,1.345253639594339,4.066517378544019,-2.852363449222610,0.177003411717310,0.356806114672706,-0.522581575431874,0.024753100364062,-2.988282804071007,6.089810426284773,-0.110504944699824,-0.542041702535538,0.043803193408778,1
33.360026597976685,7.832737767236325,-16.930354379164690,1.347009593813785,4.069907698826288,-2.857246154700433,0.177243408122070,0.327152407200417,-0.462589438368882,0.023667286523775,-2.993941775637238,6.012762741177864,-0.108578642020674,-0.541568642160723,0.051618729401911,1
33.370097160339355,7.873738163779763,-16.959149527166804,1.348795631700223,4.073050260157188,-2.861600947979885,0.177476264825978,0.296973298678693,-0.402439223860419,0.022582383695075,-3.004204403221426,5.936375522179537,-0.107495008848463,-0.541009214843882,0.059481829004067,1
33.380139827728271,7.914655948049361,-16.987906244966922,1.350579044961421,4.075880513511543,-2.865344074257469,0.177697587366515,0.266628305180636,-0.343124391025018,0.021491322747655,-3.038575350909133,5.875869411852287,-0.109756985708028,-0.540372616626644,0.067285447671537,1
33.389991760253906,7.954819812456141,-17.016148403826264,1.352330565345199,4.078359123360148,-2.868440084392517,0.177903939173250,0.236542663124002,-0.285547628218910,0.020400066184195,-3.069069788530840,5.813148463503285,-0.111762221408273,-0.539672431524352,0.074856089970664,1
33.399994373321533,7.995630245337141,-17.044857040579597,1.354111283742294,4.080571400916972,-2.871006870679362,0.178102393634147,0.205697883912669,-0.227725808258588,0.019272663701822,-3.097064072342960,5.746311054888206,-0.113600839303752,-0.538885485901081,0.082458834293136,1
33.410084486007690,8.036813610303014,-17.073836434984017,1.355909318518550,4.082488815464584,-2.873013314495884,0.178291045007652,0.174317361924785,-0.170097448334551,0.018117839730073,-3.122553970031735,5.675957925716596,-0.115272133713992,-0.538015145739410,0.090040050365794,1
33.420068979263306,8.077582388504252,-17.102528871611252,1.357690305603462,4.084073219882013,-2.874429895963508,0.178466167259779,0.143025332860886,-0.113785884817220,0.016959364224411,-3.145340061914117,5.603698320385311,-0.116762770749853,-0.537079072248159,0.097455607222878,1
33.430120468139648,8.118641070898788,-17.131426659991558,1.359485035788552,4.085351615003229,-2.875291805427822,0.178630716080339,0.111303162858899,-0.057834816233236,0.015778774219115,-3.166102740132312,5.528548604194164,-0.118117090884597,-0.536062315820162,0.104834738537787,1
33.440003871917725,8.159018305300142,-17.159842840207048,1.361251053738000,4.086296706397959,-2.875594696234565,0.178780848989699,0.079956283578650,-0.003610178520084,0.014601574479856,-3.174546403301519,5.441964538543528,-0.120486273328825,-0.534990850977155,0.111995372338946,1
33.450033187866211,8.200008451000247,-17.188685100599656,1.363044987978539,4.086938932125212,-2.875358720210793,0.178921198397126,0.048093937202966,0.050507621915156,0.013378954114825,-3.178913321554482,5.349046330085168,-0.123263834725581,-0.533831438371731,0.119172996474798,1
33.459996938705444,8.240729606257196,-17.217329702579622,1.364828272520015,4.087260236645970,-2.874591525783853,0.179048335522782,0.016394430979821,0.103344778582524,0.012137961330319,-3.184580874124389,5.257462028725060,-0.125816668121792,-0.532608922275625,0.126217315728000,1
33.470022916793823,8.281711600066572,-17.246146276005437,1.366624124176494,4.087264425674754,-2.873292575632795,0.179163674067647,-0.015570667256527,0.155600917240178,0.010864363973477,-3.191649365023521,5.166078575187372,-0.128193877347339,-0.531308198153759,0.133220583208621,1
33.479989767074585,8.322447452276251,-17.274775375614141,1.368410340068148,4.086950575519935,-2.871486623956745,0.179265553378332,-0.047422100855899,0.206641238657198,0.009575635263039,-3.200056077338746,5.076082757154507,-0.130381149405213,-0.529946071425095,0.140096658861422,1
33.489988803863525,8.363309142952771,-17.303475619836867,1.370203237048865,4.086316289123433,-2.869168209927454,0.179354746215567,-0.079466816209132,0.256948340918981,0.008261688722184,-3.209892977426100,4.986702695412599,-0.132413983051329,-0.528511143035647,0.146909227423125,1
33.499994039535522,8.404183342523073,-17.332164534021757,1.371997858208835,4.085360519829470,-2.866349703461812,0.179430736751629,-0.111633115810682,0.306391044538028,0.006927493053582,-3.221158527563150,4.898242157183615,-0.134300202493439,-0.527007756287106,0.153639458141923,1
33.510136365890503,8.445616957546461,-17.361222787669650,1.373818247785588,4.084057941489296,-2.862988653739296,0.179493136364990,-0.145636793392798,0.356420797088003,0.005282517659616,-3.480613969956612,4.964404735343082,-0.189306680975412,-0.525417359808591,0.159924306467358,1
33.519994735717773,8.485869522116795,-17.389427710466787,1.375587896372005,4.082449307079928,-2.859232990516735,0.179535208647192,-0.181109473516965,0.405624858315343,0.003173789805552,-3.712835247522642,5.016159229921136,-0.237666320207487,-0.523811063178987,0.165953495883509,1
33.529991865158081,8.526675537075665,-17.417992768052983,1.377382978648674,4.080449370310048,-2.854926200479196,0.179554308571742,-0.219322930078178,0.455985234941908,0.000573815501710,-3.928188533354009,5.056015703307403,-0.281601382373629,-0.522121641193193,0.171990724025030,1
33.540022611618042,8.567594759489170,-17.446606696986073,1.379184064993501,4.078048341050864,-2.850097333552966,0.179545220453637,-0.259728089053053,0.506851399070394,-0.002451240720240,-4.124683486560670,5.083804782081351,-0.320733497347809,-0.520366352757487,0.177969471351725,1
33.550096511840820,8.608663693496101,-17.475292385807208,1.380992647866315,4.075219404024615,-2.844732946598545,0.179503647060515,-0.302195100709565,0.558157535297467,-0.005860227057371,-4.303125717063256,5.099998540505630,-0.355268804041050,-0.518543550719286,0.183894808955168,1
33.560041189193726,8.649172838842750,-17.503552547158179,1.382777318882591,4.071998872144521,-2.838930227334753,0.179427299945899,-0.345787977083525,0.608906756216471,-0.009543965209061,-4.461494730347670,5.105031635345179,-0.384890744838027,-0.516686105154234,0.189665947678092,1
33.570028781890869,8.689803942502021,-17.531861226418496,1.384567926887029,4.068322454341929,-2.832597546514987,0.179312442578592,-0.390897574095659,0.659759687394806,-0.013485981684599,-4.513325950444576,5.045530230856238,-0.391878512481850,-0.514763821789292,0.195582467284995,1
33.579997539520264,8.730359279922892,-17.560078570896220,1.386355569944336,4.064201525864059,-2.825769279810786,0.179158960685199,-0.435261999573764,0.709239661850821,-0.017241336241259,-4.384664136187674,4.877673420357447,-0.361472067219066,-0.512782035115982,0.201812251927520,1
33.590130805969238,8.771521750612315,-17.588676935696498,1.388170174171027,4.059567672169527,-2.818334421673513,0.178966187602842,-0.479072531149487,0.757828839385786,-0.020755195654573,-4.263367938341443,4.712868093733541,-0.332312611154783,-0.510705230240667,0.208051671341305,1
33.600036144256592,8.811707986706670,-17.616554886970533,1.389941781259215,4.054615096995642,-2.810599425021846,0.178744749241010,-0.520751667534970,0.803735403322118,-0.023912463833024,-4.153786031332155,4.557317024778630,-0.305458936319349,-0.508614618261257,0.214062212692487,1
33.609993219375610,8.852054565543519,-17.644500318665582,1.391720364136576,4.049225601177175,-2.802372971321537,0.178491928703019,-0.561600076611799,0.848358150829994,-0.026826265457035,-4.052360727102609,4.406396909954989,-0.280063503424078,-0.506453415546416,0.220016652665833,1
33.619992494583130,8.892516103541901,-17.672479543459339,1.393503809772983,4.043408864825804,-2.793671961780168,0.178210082574765,-0.601648366195737,0.891684869111409,-0.029505820244694,-3.959105153788489,4.260269841590502,-0.256132598277142,-0.504223828001135,0.225907751760882,1
33.630147933959961,8.933545059990076,-17.700802463591298,1.395311961425655,4.037096527007284,-2.784399748568352,0.177897642897317,-0.641408484545633,0.934217525146135,-0.031990087402773,-3.872997621309191,4.117371121219263,-0.233398897079625,-0.501899750089082,0.231799587556378,1
33.639991521835327,8.973250965037597,-17.728163713852815,1.397061441718131,4.030596809525377,-2.775006932243071,0.177571799615127,-0.679104038682561,0.974050379780301,-0.034181703091154,-3.782948013956463,3.973757919500409,-0.211829722386168,-0.499590282238432,0.237450836013654,1
33.650126934051514,9.014067191720626,-17.756238839439359,1.398859413597364,4.023521078661318,-2.764932952464987,0.177214841468427,-0.716985107888528,1.013581221356757,-0.036220543623270,-3.694000515590569,3.828088614179116,-0.190772746255287,-0.497154440990882,0.243193363067247,1
33.660102367401123,9.054171107024406,-17.783771812867393,1.400625544196899,4.016185640407379,-2.754632856340883,0.176844321086244,-0.753448063026129,1.051087961467628,-0.038027171306039,-3.617666572136384,3.692239540805023,-0.171672268950946,-0.494700428543817,0.248755944350037,1
33.669993877410889,9.093859807285456,-17.810967280747729,1.402372914271413,4.008557025952756,-2.744057489804914,0.176460066438476,-0.788901533765225,1.086973173155313,-0.039637975877766,-3.552507032689779,3.564685629759646,-0.154273047308957,-0.492212942525951,0.254183199854509,1
33.680060386657715,9.134169503116537,-17.838533382935605,1.404147133342334,4.000436927535318,-2.732937489207783,0.176053533158373,-0.824370740236600,1.122231748487021,-0.041108158699615,-3.496490997682861,3.441936736341463,-0.138085456369981,-0.489626905425579,0.259616254767053,1
33.689991950988770,9.173858874619732,-17.865619824003829,1.405893571026196,3.992077984169102,-2.721624130252586,0.175638699299031,-0.858862389711435,1.155842182575049,-0.042406276407666,-3.450945357801053,3.327566087862267,-0.123562476872763,-0.487022259445170,0.264887798035109,1
33.699993133544922,9.213740848317640,-17.892780927819238,1.407648024873902,3.983316404034164,-2.709899761936651,0.175208633006853,-0.893185516192408,1.188573129968069,-0.043574771079542,-3.414387604152662,3.218921664637304,-0.110338810878261,-0.484346894331252,0.270107027105631,1
33.710122585296631,9.254042299292546,-17.920168553437069,1.409420496665673,3.974094603589292,-2.697697187699212,0.174761865898668,-0.927588861300078,1.220627412249701,-0.044612477938919,-3.380053739342961,3.111253861376320,-0.094795870344319,-0.481584414110045,0.275326096741858,1
33.720098733901978,9.293642686222290,-17.947020570486114,1.411161753472476,3.964672856439917,-2.685366583162754,0.174312310360886,-0.961179939890769,1.251165271134330,-0.045488760080319,-3.355585763340478,3.011863394115296,-0.081155124850588,-0.478812387431115,0.280376518339091,1
33.729996681213379,9.332836241638907,-17.973537779291416,1.412884805217192,3.954995300526651,-2.672836917354688,0.173858301606199,-0.994308877430527,1.280514061967756,-0.046231767604914,-3.340096570928310,2.919587036233277,-0.069246006799979,-0.476012871073018,0.285298556035749,1
33.740038633346558,9.372502358897766,-18.000313860814813,1.414628381051118,3.944842001174489,-2.659832032747544,0.173390724851443,-1.027807382397429,1.309388952802618,-0.046873122682470,-3.332835435946713,2.832144254689669,-0.058746018192523,-0.473123150465422,0.290202298876323,1
33.749992370605469,9.411716815994131,-18.026723802819287,1.416351935476093,3.934446392703218,-2.646659776844064,0.172921404980140,-1.060978823571642,1.337172551594039,-0.047412342908191,-3.333562918907988,2.751357164751596,-0.049843278901046,-0.470210734652674,0.294973247445528,1
33.760047912597656,9.451225601885826,-18.053269335006824,1.418088348792435,3.923609032414239,-2.633075984897992,0.172442261355464,-1.094535026538239,1.364452534698446,-0.047874433353801,-3.341830212574986,2.675435164452482,-0.042301973605482,-0.467220765322132,0.299702414126941,1
33.772953510284424,9.501768840425513,-18.087135552511633,1.420309776971499,3.909204575697583,-2.615246813061624,0.171821101013921,-1.137926347809665,1.398474289355294,-0.048382211267501,-3.406619696945283,2.611206770132144,-0.038913628383404,-0.463314649153211,0.305601580452050,1
33.780025243759155,9.529384108008088,-18.105594137746980,1.421523597028708,3.901072064530218,-2.605292393214181,0.171477985381728,-1.162224896832921,1.416865821010935,-0.048660848596474,-3.464917239783031,2.590090232446377,-0.039904115937429,-0.461142432284806,0.308749606412200,1
33.789990663528442,9.568203498497333,-18.131487425476738,1.423230105781705,3.889316107440248,-2.591043958740881,0.170991030159339,-1.197137307343763,1.442518605906757,-0.049066006687466,-3.540182341021195,2.557514793667814,-0.041432390189096,-0.458043661158736,0.313110718631079,1
33.799991369247437,9.607039870322803,-18.157327746889230,1.424937716782390,3.877165394482769,-2.576490091618848,0.170498224001434,-1.232889714415626,1.467920893441752,-0.049488774399358,-3.608500132530815,2.522047162348224,-0.043145124315424,-0.454890743514312,0.317398471444247,1
33.810004949569702,9.645800837449171,-18.183053010592005,1.426642485450170,3.864638079018959,-2.561665481123259,0.170000481801693,-1.269338697352172,1.492987714690353,-0.049930227064123,-3.670610036326461,2.484311676761156,-0.045063596328867,-0.451691401474637,0.321602522304616,1
33.820035696029663,9.684502482808583,-18.208673509324093,1.428345238038336,3.851719718530784,-2.546565013686707,0.169497330253675,-1.306447590521420,1.517710904880691,-0.050392834086555,-3.727411264769502,2.444812472373886,-0.047211390695008,-0.448444662103815,0.325724672480950,1
33.830001592636108,9.722820998245236,-18.233975335429328,1.430031839956078,3.838514459976731,-2.531319655927556,0.168992761933306,-1.343854793798339,1.541873835374930,-0.050874949850302,-3.779302305982993,2.404385256138664,-0.049588194181818,-0.445178641552490,0.329731367083710,1
33.840029954910278,9.761248624403226,-18.259283591815883,1.431724074315045,3.824846568354767,-2.515736401009080,0.168480022236880,-1.381871490585551,1.565703627309018,-0.051379087849437,-3.789405095891403,2.340694253306471,-0.050412564813293,-0.441851984842329,0.333670517007888,1
33.849992752075195,9.799284681567796,-18.284268680603407,1.433400008355219,3.810891604598353,-2.500022990067729,0.167965645544797,-1.419607664337757,1.588675509872531,-0.051884010916653,-3.787769869391570,2.272109828949530,-0.051094999248835,-0.438508657367245,0.337493280207886,1
33.859997510910034,9.837340052661949,-18.309200921751732,1.435077858879843,3.796499114936965,-2.484016024161332,0.167443979315628,-1.457533651060682,1.611091427303220,-0.052402151781586,-3.795291302071411,2.210045591233516,-0.052619618422128,-0.435113283783591,0.341243631074605,1
33.869995594024658,9.875223383226610,-18.333954842622905,1.436749309951095,3.781737004627952,-2.467799079847347,0.166917405572237,-1.495551548370315,1.632904002372920,-0.052939152298161,-3.811281578619171,2.154447531838243,-0.054930437715343,-0.431683217730546,0.344902689834973,1
33.880035638809204,9.913117966683076,-18.358650163138435,1.438422569931099,3.766528405558464,-2.451296135672824,0.166383051635541,-1.533932468986027,1.654281023642032,-0.053505447656339,-3.835174522371620,2.104683940099761,-0.057990756145888,-0.428202140148054,0.348488129512505,1
33.889994144439697,9.950545795498195,-18.382976133488409,1.440076635975377,3.751063953146369,-2.434720348049987,0.165847347577868,-1.572268166194417,1.675015855605886,-0.054100839320391,-3.865954677813275,2.060963857425459,-0.061706960832724,-0.424714798570034,0.351955536191028,1
33.899995326995850,9.987986045475774,-18.407244985938661,1.441732786487367,3.735143550951417,-2.417863780470384,0.165303053646492,-1.611118656056019,1.695432870372305,-0.054739382929420,-3.903321746001415,2.022320134985902,-0.066073093951655,-0.421177356690481,0.355350084277947,1
33.910101652145386,10.025650782688777,-18.431593200826697,1.443400546561762,3.718661397866551,-2.400626916233931,0.164746395806287,-1.650781866710757,1.715694496819637,-0.055431936221635,-3.946984644613836,1.988273100571533,-0.071079045968329,-0.417569206422901,0.358689694457350,1
33.919991731643677,10.062346384116577,-18.455250795041113,1.445027139692764,3.702141641701107,-2.383562222002854,0.164194620218902,-1.690049635280768,1.735212212410524,-0.056161333529911,-3.994841396270921,1.959464773232355,-0.076508995770794,-0.414006023828329,0.361870132299647,1
33.930053949356079,10.099512780092773,-18.479147105976526,1.446676484361968,3.684932465692536,-2.366002964975675,0.163625526347735,-1.730511992701079,1.754799609562626,-0.056961076631486,-4.048121929367597,1.934381253596660,-0.082525655567462,-0.410348813410970,0.365017031783224,1
33.939989805221558,10.136042277981483,-18.502570116849732,1.448299535253132,3.667536347878398,-2.348471137250767,0.163055351138697,-1.771014453223005,1.773913746305934,-0.057812465539984,-4.104683799689803,1.913457904507232,-0.088908435601456,-0.406706721998479,0.368036421484340,1
33.949999094009399,10.172655343548923,-18.525983017801902,1.449928382324214,3.649606599216168,-2.330623398514807,0.162472235393532,-1.812390950694015,1.792971854097951,-0.058736049723345,-4.165029355284659,1.895915234453112,-0.095735102830991,-0.403008794251695,0.370988803486673,1
33.960029363632202,10.209176069895610,-18.549273147988981,1.451555321806479,3.631214169330958,-2.312541266539678,0.161878062208657,-1.854489772698364,1.811916973496745,-0.059732295372425,-4.228354415109875,1.881557183379654,-0.102935629003162,-0.399272584594816,0.373859264193405,1
33.970157861709595,10.245857235323919,-18.572601359464699,1.453191744536703,3.612213868353168,-2.294093840268281,0.161267684402317,-1.897648338877707,1.830912597489722,-0.060813003914259,-4.294590096130925,1.870012742872342,-0.110523687594486,-0.395471836569659,0.376666655165589,1
33.980124950408936,10.281761237690795,-18.595372831092082,1.454795883110368,3.593087732577520,-2.275754445947042,0.160656012696882,-1.940779897468673,1.849503211731630,-0.061952818311760,-4.361479904432678,1.861234862995748,-0.118260511049626,-0.391704619894232,0.379340286247061,1
33.990100622177124,10.317512521649864,-18.617985906028022,1.456395661207182,3.573506169962758,-2.257209244254232,0.160031885703451,-1.984633992795636,1.868038633233065,-0.063172317326990,-4.429621760703042,1.854709977476149,-0.126233673842407,-0.387906917352958,0.381928671059541,1
33.999995470046997,10.352773947802550,-18.640228900869115,1.457976039125598,3.553650558986103,-2.238634571869762,0.159400494205340,-2.028801702128050,1.886366842451047,-0.064461284479657,-4.497862459211090,1.850186072127977,-0.134326972635678,-0.384115450858619,0.384408503295319,1
34.009993791580200,10.388200645794338,-18.662515835935089,1.459566456117675,3.533140966657276,-2.219682554302832,0.158749168669220,-2.074116238817786,1.904848992059056,-0.065845781201221,-4.566987167153604,1.847299486380664,-0.142653923425501,-0.380260035911311,0.386825935542546,1
34.019987821578979,10.423409967388913,-18.684606072561902,1.461149838390087,3.512180940727099,-2.200551377259083,0.158083775540492,-2.120107465808665,1.923304299574387,-0.067313690075640,-4.635783664689815,1.845827105626976,-0.151090803339695,-0.376382008484038,0.389154044430418,1
34.030031204223633,10.458574767266128,-18.706608698986052,1.462734038362028,3.490653965635418,-2.181142738186439,0.157399987454110,-2.167008231260258,1.941839255921993,-0.068873981913298,-4.704125072925391,1.845496338232381,-0.159643986852656,-0.372462397852906,0.391404058459175,1
34.039994239807129,10.493243947946125,-18.728242822001832,1.464298775086258,3.468829407728408,-2.161704524756364,0.156705729292979,-2.214208397587691,1.960228103827327,-0.070506967361929,-4.770690531753051,1.846041806900429,-0.168168420017084,-0.368552073236664,0.393547772131031,1
34.050028800964355,10.527939023942000,-18.749835066609641,1.465867632679751,3.446370046570708,-2.141942009009079,0.155989629189768,-2.262408547726085,1.978757339827840,-0.072237530849932,-4.836047333910290,1.847212120204336,-0.176758245661301,-0.364592627407523,0.395617823844364,1
34.060121297836304,10.562601367877962,-18.771348986984670,1.467438062793084,3.423292065131746,-2.121879685479195,0.155251511909541,-2.311533398437637,1.997405736764718,-0.074064727245165,-4.899634215750513,1.848763285397311,-0.185366705228786,-0.360590201843194,0.397609550678129,1
34.069992065429688,10.596282545152265,-18.792198472015645,1.468967060390243,3.400232971508735,-2.102071263800953,0.154511179307735,-2.360199349610993,2.015664752662558,-0.075935985963384,-4.959353962884527,1.850405406367200,-0.193726314269344,-0.356655759294338,0.399470574039800,1
34.079994440078735,10.630174053618129,-18.813123036538716,1.470508707829087,3.376376314401753,-2.081817238709359,0.153741808088381,-2.410095360202143,2.034181171768927,-0.077915691081860,-5.016959776790834,1.851962317464630,-0.202102348035400,-0.352651041655196,0.401268011296789,1
34.090148448944092,10.664332685695548,-18.834156638032653,1.472065751174456,3.351644588501426,-2.061066649571465,0.152940088174013,-2.461320387198361,2.052992689346787,-0.080010480381048,-5.072056098180763,1.853200596863419,-0.210476855230008,-0.348567682262321,0.403001919028321,1
34.099994182586670,10.697211185157471,-18.854349062916413,1.473567610425891,3.327165023951457,-2.040764087832437,0.152142014839700,-2.511505527381657,2.071242120854226,-0.082122083850374,-5.121859193182008,1.853856351079638,-0.218443782694070,-0.344592011922978,0.404595809566968,1
34.109993934631348,10.730357160204514,-18.874653295037671,1.475084922362848,3.301792495240458,-2.019958493457009,0.151309719868863,-2.562961723567311,2.089781366803744,-0.084346283295621,-5.168443815322211,1.853763464474110,-0.226352836836034,-0.340538232545111,0.406126724380046,1
34.119993448257446,10.763243699497052,-18.894746633136773,1.476593655149866,3.275905628657345,-1.998969532960541,0.150454872982448,-2.614857223716278,2.108313245823696,-0.086648313107937,-5.210652219762630,1.852703199869238,-0.234048839658349,-0.336469975926472,0.407568793956775,1
34.129997253417969,10.795879634000263,-18.914635772198949,1.478094222995405,3.249488908932896,-1.977788239628686,0.149576329440419,-2.667169068571317,2.126835043293048,-0.089026929397188,-5.248173335510293,1.850478599185733,-0.241508044630754,-0.332386378174455,0.408922605484491,1
34.139992713928223,10.828230269657904,-18.934300922060356,1.479585032164623,3.222562702299844,-1.956434088632401,0.148674148125966,-2.719801177500324,2.145317409515420,-0.091477428124931,-5.280661831372595,1.846903750850938,-0.248697830581340,-0.328292029767331,0.410186964466210,1
34.150193691253662,10.860960350356015,-18.954146053285598,1.481096814674926,3.194543476202508,-1.934454259384149,0.147727948224632,-2.773813822887514,2.164131963337842,-0.094050490133179,-5.308339012938278,1.841675859056655,-0.255735107872379,-0.324101627066447,0.411385722410035,1
34.160962343215942,10.895199340029231,-18.974851654437394,1.482682138705431,3.164364978262221,-1.911042825527489,0.146700184676456,-2.831106696220478,2.183926076911622,-0.096842838164314,-5.331226709146645,1.834223583511673,-0.262808455783667,-0.319665190511830,0.412551063126143,1
34.169995784759521,10.923660045880499,-18.992020655453192,1.484002980033554,3.138580164234139,-1.891245491213198,0.145814820288322,-2.879318674058106,2.200456021351023,-0.099241848514565,-5.345167082031179,1.826295372033785,-0.268438146988522,-0.315935407400356,0.413449035212928,1
34.179998874664307,10.954918753360865,-19.010833461100983,1.485456948374623,3.109502779225814,-1.869137111868644,0.144808297736910,-2.932854155329141,2.218677528459655,-0.101957562891453,-5.354774130433260,1.815574107319031,-0.274332943050798,-0.311793926430982,0.414359462303262,1
34.190071821212769,10.986090172109030,-19.029547872063933,1.486910340845323,3.079689266633333,-1.846697127254292,0.143767296609803,-2.986813048318199,2.236901737046918,-0.104749122336159,-5.358009986041492,1.802577069356331,-0.279882874724781,-0.307615964801321,0.415186282171213,1
34.200051069259644,11.016674273423529,-19.047865276376786,1.488339802068761,3.049615632327669,-1.824284479620208,0.142707931058427,-3.040271874371517,2.254816665585389,-0.107567988226202,-5.354620633968322,1.787376800166269,-0.284981166929592,-0.303468900886046,0.415916692997202,1
34.209995985031128,11.046851942900457,-19.065896266929588,1.489753687966566,3.019114996144202,-1.801771868554649,0.141623978990487,-3.093479744394428,2.272507041272300,-0.110425720978326,-5.344501437111206,1.769794519786990,-0.289646791030418,-0.299329290035925,0.416556702073413,1
34.224948167800903,11.091644817952789,-19.092581256213329,1.491858736126537,2.972264955154706,-1.767596751478489,0.139940282732424,-3.173198725326367,2.298742509398081,-0.114804077718063,-5.316197501317554,1.738514434159443,-0.295842843008571,-0.293094751184002,0.417353805459643,1
34.232748031616211,11.114732539844146,-19.106299041995776,1.492946801898314,2.947351394778842,-1.749613072357360,0.139035742112506,-3.214587164890411,2.312231521239009,-0.117122959879086,-5.295015308527200,1.719771263894216,-0.298668897038997,-0.289837899392224,0.417690932166894,1
34.240032672882080,11.136115909845785,-19.118982058416176,1.493956434610419,2.923795541173806,-1.732724938256541,0.138174654072196,-3.253072484598863,2.324690111469407,-0.119307331375519,-5.271170593841477,1.700706639294582,-0.301047676358973,-0.286794372296534,0.417957014780452,1
34.249991655349731,11.165071750101275,-19.136122673929393,1.495326547355370,2.891137463109137,-1.709489511293393,0.136971496419341,-3.305379714402995,2.341487550150163,-0.122319981444140,-5.232108629816500,1.672126893994103,-0.303882639795928,-0.282630440473756,0.418244639152960,1
34.260096549987793,11.194114012304075,-19.153275448107809,1.496704203117102,2.857473802402096,-1.685746438006418,0.135720028384878,-3.358011867416318,2.358223324870817,-0.125402805168202,-5.184721436294820,1.640074348900731,-0.306253415380350,-0.278403425091172,0.418446538158873,1
34.270120620727539,11.222592666108028,-19.170057510063511,1.498058542808558,2.823547563535310,-1.662021650514220,0.134447347967310,-3.409724057496406,2.374493788860159,-0.128482861351903,-5.129850589727476,1.605136788386149,-0.308089546915333,-0.274207558994528,0.418557361665184,1
34.279998779296875,11.250316272803309,-19.186358727237117,1.499380285178714,2.789617287150339,-1.638488879156020,0.133163150717171,-3.460097365226535,2.390166311509017,-0.131532963141389,-5.068030490234815,1.567582338060442,-0.309383905782679,-0.270072902957325,0.418579348354792,1
34.290006875991821,11.278056962657590,-19.202634610690506,1.500706167250095,2.754740652637238,-1.614493474381857,0.131831439175066,-3.510465053236286,2.405648764089933,-0.134633215166406,-4.997455599171579,1.526295751373390,-0.310163386875096,-0.265884575203303,0.418513366855542,1
34.299986362457275,11.305375473046269,-19.218628281902447,1.502015177384235,2.719456190048470,-1.590408172039965,0.130472253870237,-3.559958308277677,2.420662962758643,-0.137730481281436,-4.919011526838021,1.481800069965000,-0.310397877880518,-0.261708224283193,0.418359076262142,1
34.309996843338013,11.332419986941417,-19.234427873121280,1.503314345305150,2.683573384609761,-1.566102133376692,0.129077922486306,-3.608773379272657,2.435259366487212,-0.140836659385154,-4.832183576983139,1.433785264406696,-0.310079430032653,-0.257521293747162,0.418115556508091,1
34.319991827011108,11.359059938798088,-19.249958425890007,1.504597329819845,2.647265676056575,-1.541692147321814,0.127654854874498,-3.656601358149534,2.449335511830923,-0.143931827806195,-4.737301034246610,1.382415673832613,-0.309200446161096,-0.253344019285018,0.417783748829097,1
34.330030918121338,11.385452267958339,-19.265312680242381,1.505871623660725,2.610317940395679,-1.517033118944747,0.126194280914145,-3.703648747896428,2.462940738685299,-0.147029248099539,-4.633705676750720,1.327318311633692,-0.307746130701486,-0.249151697077468,0.417361234564987,1
34.340101718902588,11.411550435046349,-19.280464586557507,1.507134933425289,2.572787904700347,-1.492164184325808,0.124698076280228,-3.749753351437278,2.476014087122390,-0.150118570056429,-4.521424348780033,1.268496260341439,-0.305706056578276,-0.244951244966021,0.416847603398334,1
34.350036382675171,11.436924437978995,-19.295166342939734,1.508366308858982,2.535314162977634,-1.467504216150614,0.123191652754850,-3.794087866183328,2.488313349242275,-0.153143276522921,-4.402430873489918,1.206949535769887,-0.303118090124079,-0.240812886575915,0.416252741238509,1
34.360043287277222,11.462106174564488,-19.309727763003352,1.509591444742410,2.497126020872147,-1.442542761850828,0.121643924831847,-3.837511518552739,2.500067019070382,-0.156161299930883,-4.274306788449872,1.141399219879661,-0.299929427723433,-0.236650554654059,0.415564991382195,1
34.369996070861816,11.486766419822638,-19.323959716522300,1.510794242246444,2.458726302361982,-1.417607118551012,0.120075041338761,-3.879380675299899,2.511086962629822,-0.159127955495237,-4.138695690753454,1.072667404854094,-0.296176711918348,-0.232518691175976,0.414792973984553,1
34.379998445510864,11.511163045221981,-19.338012368171878,1.511987183659950,2.419721429616693,-1.392439627100242,0.118468754181237,-3.920058727002587,2.521455117056948,-0.162068911128418,-3.994196607846693,1.000023286739702,-0.291818730418190,-0.228374321884616,0.413928574781963,1
34.390045166015625,11.535278775021435,-19.351876682073655,1.513169372634984,2.380132052733094,-1.367053851498239,0.116825571317460,-3.959430073557218,2.531121992096204,-0.164976740272552,-3.840780844797589,0.923440713048628,-0.286847401455690,-0.224219743529383,0.412970776726541,1
34.400119781494141,11.559054431865064,-19.365519658690861,1.514337841932653,2.340052967319220,-1.341510068524397,0.115149148826337,-3.997312435221354,2.540022763213112,-0.167838804836005,-3.678744127182964,0.843053503244980,-0.281266911127994,-0.220064731055944,0.411920637186032,1
34.410032987594604,11.582054857363966,-19.378693384794591,1.515471046850421,2.300248737114921,-1.316290214150983,0.113471604994154,-4.032957227470386,2.547973501966359,-0.170597434140979,-3.511319867880538,0.760438138956485,-0.275193442821851,-0.215986762555027,0.410799367731181,1
34.419991731643677,11.604762965080239,-19.391676126356060,1.516592630144515,2.259912366531355,-1.290878086028360,0.111759047833583,-4.067056952635976,2.555119121617954,-0.173305358743777,-3.335242465696634,0.673958571477813,-0.268512511333427,-0.211901494414776,0.409585111008337,1
34.430103540420532,11.627406803360726,-19.404598799295730,1.517713836407835,2.218618723248637,-1.265007685141658,0.109992970841281,-4.099845580645912,2.561475381027860,-0.175983785141496,-3.148490479493064,0.582616723807306,-0.261138157489420,-0.207766362675939,0.408262199804579,1
34.439996719360352,11.649153820188216,-19.416987713068796,1.518793310896619,2.177909182153499,-1.239640762658661,0.108239362171294,-4.130057268508378,2.566782936714374,-0.178529096881909,-2.958131256809459,0.489850060936099,-0.253351645655634,-0.203734310603024,0.406880207588263,1
34.450034618377686,11.670807400597818,-19.429301998984791,1.519870795458626,2.136305402600921,-1.213851986680529,0.106434638075859,-4.158750081262703,2.571213473038811,-0.181030223280088,-2.757363107655408,0.392325315735208,-0.244877386601639,-0.199657400057030,0.405389160069962,1
34.460030078887939,11.691941071646440,-19.441299988122214,1.520925001333755,2.094625410422091,-1.188147702726943,0.104614078366043,-4.185266897552771,2.574634069845707,-0.183432051978467,-2.550092762678515,0.291930591846099,-0.235876564270098,-0.195615353323623,0.403816522707340,1
34.470046281814575,11.712722160137744,-19.453077896668479,1.521964160236554,2.052557491890547,-1.162332594329548,0.102764093002903,-4.209750595416717,2.577041322336792,-0.185748341278144,-2.334842307070492,0.187936154490176,-0.226285752561092,-0.191576707279921,0.402149941469978,1
34.479994058609009,11.732929957585236,-19.464511901570035,1.522977110878546,2.010571954462709,-1.136691664533357,0.100905456603647,-4.231882891104044,2.578384133615884,-0.187949546479398,-2.114120932938469,0.081540514721856,-0.216218599434742,-0.187585185015303,0.400407712614010,1
34.489999771118164,11.752836390805813,-19.475757030553130,1.523977368811662,1.968123874518298,-1.110888992976676,0.099014104012168,-4.251897807256503,2.578651537340964,-0.190060190821149,-1.885149328265570,-0.028607835217346,-0.205549354593530,-0.183587672145498,0.398566486343630,1
34.500023603439331,11.772350159415229,-19.486762598512176,1.524960264038800,1.925413800934000,-1.085044960353088,0.097098877521371,-4.269615922943856,2.577799042380555,-0.192064733185201,-1.649022435662713,-0.141990012953197,-0.194327161740867,-0.179602219081913,0.396633050791465,1
34.509989738464355,11.791328140483316,-19.497449070511120,1.525918462748804,1.882781241313489,-1.059361378892593,0.095175136261712,-4.284854344416865,2.575809812696487,-0.193943791052985,-1.407737882041967,-0.257657336367552,-0.182648994612178,-0.175658984637642,0.394622188867152,1
34.519990205764771,11.809941029622687,-19.507913685379705,1.526860463867390,1.839867490281696,-1.033618771306677,0.093226816089934,-4.297694754753961,2.572641236747014,-0.195709530227816,-1.159380029678353,-0.376537187258843,-0.170423765084617,-0.171723316706619,0.392516131305865,1
34.530004262924194,11.828149038309292,-19.518134996369973,1.527784158012920,1.796778284744569,-1.007878323578714,0.091258729489490,-4.308033742956007,2.568263281573826,-0.197352708217979,-0.904624950743173,-0.498312191327944,-0.157684352776652,-0.167803754884507,0.390318273805605,1
34.539991140365601,11.845879520983379,-19.528073267706244,1.528685744227188,1.753710576265431,-0.982254461822966,0.089280003640091,-4.315775727226390,2.562668909960950,-0.198862131605468,-0.644756709136626,-0.622375323958866,-0.144496413454299,-0.163916730928755,0.388037517265895,1
34.552946090698242,11.868236391871966,-19.540583518499044,1.529825623880738,1.697755404819861,-0.949112015952537,0.086692121601607,-4.321902023405526,2.553544273923177,-0.200619617781806,-0.299539356162004,-0.786966728873047,-0.126698539960358,-0.158909580183331,0.384947309400794,1
34.559995412826538,11.880096620385958,-19.547210493544121,1.530431732299126,1.667284094417268,-0.931132173621132,0.085274871694498,-4.323340023131754,2.547676086272206,-0.201477605894208,-0.108040827913037,-0.878170783301815,-0.116697540612975,-0.156202175269832,0.383203313345685,1
34.570129632949829,11.896770841923697,-19.556515907929178,1.531285541049172,1.623470661945545,-0.905361431306454,0.083227359706540,-4.323022528607200,2.538104524545099,-0.202585827259311,0.171514184586979,-1.011197534034325,-0.101943654404548,-0.152331818392112,0.380618855664143,1
34.580124855041504,11.912781887277161,-19.565438586333265,1.532107281030740,1.580274308721379,-0.880045235337011,0.081197624625619,-4.319910821072035,2.527332971954332,-0.203530300996494,0.451862176147763,-1.144472451152225,-0.086973776228456,-0.148540559818649,0.377980547405671,1
34.589999198913574,11.928175908140380,-19.574005637620434,1.532899137451511,1.537643576469352,-0.855146837994463,0.079183852755780,-4.314064061104733,2.515373962877307,-0.204314502316834,0.733006707749020,-1.278003685633573,-0.071795706011870,-0.144821387164973,0.375287057771097,1
34.600019454956055,11.943367403825542,-19.582448567080522,1.533682329785411,1.494456146208839,-0.830007999190553,0.077133178398757,-4.305273132522887,2.501881532598881,-0.204955188627160,1.022208866186975,-1.415240043140027,-0.056018226521715,-0.141074888384538,0.372465344334911,1
34.610076427459717,11.958172996458496,-19.590666010720195,1.534447342301644,1.451234215578141,-0.804931823946823,0.075070318912438,-4.293524030336554,2.486956242478159,-0.205437244733549,1.315920392397089,-1.554494114350591,-0.039832036104444,-0.137345304428283,0.369545136224258,1
34.620000839233398,11.972370135173204,-19.598535432155199,1.535182544063370,1.408675776605484,-0.780319059818560,0.073028945998389,-4.279005667278453,2.470833965184106,-0.205751976819713,1.609164257349821,-1.693406427953192,-0.023515058357039,-0.133690970773109,0.366572954078749,1
34.629994392395020,11.986234091276392,-19.606210317066751,1.535902068238416,1.365999625018796,-0.755714137956388,0.070971904807407,-4.261438245784427,2.453207540476818,-0.205903613427882,1.907102065683382,-1.834420704285698,-0.006782921789595,-0.130043007283881,0.363493056641868,1
34.640015840530396,11.999709415759760,-19.613660619328542,1.536602953256365,1.323395650182788,-0.731224521091775,0.068908445410575,-4.240819589207364,2.434111592283762,-0.205886307078873,2.208266621883535,-1.976837348556680,0.010282647136248,-0.126416213710167,0.360315601517413,1
34.649988889694214,12.012699016373091,-19.620833451115615,1.537280039715731,1.281210527689745,-0.707046223375832,0.066855633079824,-4.217289956065641,2.413683296216310,-0.205697937804530,2.509991686499799,-2.119391364050934,0.027528704251969,-0.122838393726378,0.357064500814511,1
34.664942979812622,12.031387108971151,-19.631137375344988,1.538256763452909,1.218446360564209,-0.671199025329617,0.063783856384280,-4.176358800958238,2.380387371147514,-0.205090386336303,2.965049014385848,-2.334139783881973,0.053811976805390,-0.117536588147185,0.352025319804826,1
34.669997215270996,12.037493001673003,-19.634499891521855,1.538576568621246,1.197373612029375,-0.659196415916014,0.062747860331188,-4.160980595938879,2.368404512559853,-0.204795673173361,3.119396320064478,-2.406907870116584,0.062799745947344,-0.115761526916929,0.350276950671446,1
34.680151939392090,12.049437470560939,-19.641071859719709,1.539203179549610,1.155288138247659,-0.635273650725293,0.060671863866991,-4.127729501289392,2.343221618421599,-0.204065784173773,3.429870222669020,-2.553169081210818,0.080988905486041,-0.112222829769959,0.346696375076015,1
34.689954280853271,12.060563975426149,-19.647186714004746,1.539788101371621,1.114997283454188,-0.612430067160647,0.058675763778891,-4.092639878050557,2.317503455756640,-0.203185254528795,3.729726472748510,-2.694277097067637,0.098694116165929,-0.108841771793428,0.343153209464638,1
34.700033903121948,12.071595729039309,-19.653242656499792,1.540369240347384,1.073938738785360,-0.589209282910364,0.056633008452969,-4.053491882929107,2.289615445669150,-0.202098153598463,4.037741247931521,-2.839059350685776,0.117021227900290,-0.105401570853530,0.339420754235763,1
34.709997892379761,12.082094671472454,-19.658999672314497,1.540923453697927,1.033760035896302,-0.566541568066829,0.054625653976039,-4.011751430876775,2.260619893873412,-0.200841678150884,4.341340935392289,-2.981590498714930,0.135224319914226,-0.102038735725768,0.335643079917088,1
34.720125913619995,12.092361281594876,-19.664623103829921,1.541466514632368,0.993350233146311,-0.543797628503028,0.052598445053214,-3.966217154325713,2.229686751876861,-0.199377900344865,4.648641615627000,-3.125666720366699,0.153789975679238,-0.098658609554299,0.331711849567902,1
34.729998826980591,12.101975542491907,-19.669883560048330,1.541976098648062,0.954425389194223,-0.521939777413407,0.050637888229536,-3.918852845137544,2.198140010507674,-0.197770192461337,4.946269004282286,-3.265006591822505,0.171907360268270,-0.095403079177939,0.327792871165224,1
34.740052938461304,12.111369858987112,-19.675018275868727,1.542475019682032,0.915298322108444,-0.500017150309995,0.048659418452166,-3.867633793363981,2.164621742357223,-0.195950001376637,5.246786002275449,-3.405479071758563,0.190338691388984,-0.092129391736865,0.323714870706218,1
34.751024246215820,12.121183817665795,-19.680376529706063,1.542997315480659,0.873172194844352,-0.476467807702256,0.046520663869348,-3.808262786449870,2.126411948022603,-0.193750725024477,5.571510462910304,-3.556991596811272,0.210414274411677,-0.088601409036020,0.319158746005692,1
34.760054826736450,12.128914876990454,-19.684593263182602,1.543409571446452,0.839010360083655,-0.457410790220420,0.044779694461512,-3.756751891925168,2.093732215916798,-0.191776145471597,5.835459702445476,-3.679913021751570,0.226858294840877,-0.085736304226723,0.315329608112405,1
34.770073652267456,12.137133411288973,-19.689071627490009,1.543848635454426,0.801668960008840,-0.436620506883397,0.042869967062996,-3.696835406846521,2.056188469832477,-0.189412308572525,6.124288202614984,-3.814151898774060,0.244986415393541,-0.082598627196390,0.310996902889028,1
34.780021429061890,12.144923233917275,-19.693312236038278,1.544265599118318,0.765216094349926,-0.416365069226368,0.040998909884083,-3.634531351545883,2.017609461126840,-0.186887410040589,6.406207480649584,-3.944876049773072,0.262822097724204,-0.079527904617697,0.306608733741476,1
34.790134668350220,12.152480599735764,-19.697422337779539,1.544670897012278,0.728775469778778,-0.396155512618217,0.039121785812403,-3.568286428162153,1.977035192935268,-0.184137251142779,6.687587276334604,-4.075011526210510,0.280770465159132,-0.076448674876416,0.302053729686632,1
34.799993276596069,12.159492820187292,-19.701232369516575,1.545047671656298,0.693927327026760,-0.376865205144676,0.037320416880037,-3.501030481634521,1.936249854628256,-0.181284052669500,6.955820262251109,-4.198708023768308,0.298025675843156,-0.073493154046278,0.297528159682207,1
34.810034036636353,12.166282409821097,-19.704918043319903,1.545413165826342,0.659143361653499,-0.357645183683967,0.035516224396166,-3.429874051471122,1.893491019686953,-0.178205837498269,7.222243113016766,-4.321171838263350,0.315315664509471,-0.070530442571425,0.292832156085299,1
34.820170164108276,12.172790875733339,-19.708447877284648,1.545764184364040,0.624741244526305,-0.338669954026427,0.033725774568522,-3.355309437645321,1.849064668662320,-0.174921435784468,7.483896057024801,-4.440996292725892,0.332455718422073,-0.067585646597323,0.287997221500866,1
34.830021142959595,12.178783729357614,-19.711695178116752,1.546087990168199,0.592054521904082,-0.320671741545154,0.032018982392005,-3.280364024398095,1.804758713906101,-0.171565773921304,7.730214709056142,-4.553325890653927,0.348750441869465,-0.064772020397546,0.283212498104411,1
34.839996814727783,12.184527805433392,-19.714804980476558,1.546398915569277,0.559720114413003,-0.302896872288706,0.030325160138683,-3.202043162946181,1.758788297653110,-0.168006192833797,7.971033258437380,-4.662625055360827,0.364847785533931,-0.061971382917987,0.278279720160045,1
34.849990129470825,12.189962838059888,-19.717744950424013,1.546693643535410,0.528122263821596,-0.285554921603214,0.028664663081404,-3.121217482017233,1.711664968960928,-0.164281345913359,8.202906538929163,-4.767283291722130,0.380523091967088,-0.059215441002161,0.273249468890496,1
34.859992265701294,12.195090557313007,-19.720516353164474,1.546972204371476,0.497316761995816,-0.268674366898176,0.027040750172207,-3.038050150890959,1.663478508866646,-0.160398804564894,8.424862280096960,-4.866820859113346,0.395713821522418,-0.056507846561057,0.268126066460419,1
34.870100021362305,12.199963579162603,-19.723147913743610,1.547237400708377,0.467042943735914,-0.252110587318618,0.025439947055823,-2.951806253104680,1.613801240582402,-0.156323757874384,8.638121019033676,-4.961730899221067,0.410509941299185,-0.053824238949822,0.262858528433498,1
34.879994153976440,12.204441380187053,-19.725564086904061,1.547481516485107,0.438264140179272,-0.236388102322800,0.023913617732216,-2.865356075650281,1.564275041151117,-0.152192977046137,8.835383761639577,-5.048732155993456,0.424405337273560,-0.051249413986613,0.257614667927659,1
34.890048027038574,12.208704321220921,-19.727862502819217,1.547714321564239,0.409905978002385,-0.220917653380493,0.022405168230951,-2.775570140569682,1.513097775499654,-0.147857755447640,9.023432240474307,-5.130772351035112,0.437880448192169,-0.048686547641920,0.252197064216098,1
34.899992227554321,12.212644851760084,-19.729985432490452,1.547929889723846,0.382753567575046,-0.206125695971034,0.020956668457892,-2.684966219040536,1.461699288959956,-0.143439846472711,9.196364413081497,-5.205214931174105,0.450519603692299,-0.046205599532742,0.246750222338667,1
34.909990310668945,12.216338740681902,-19.731973970164436,1.548132308565262,0.356373272968550,-0.191773832787160,0.019545364171051,-2.592215244853474,1.409316225267366,-0.138875388592736,9.356326828529063,-5.272932372850200,0.462484026613219,-0.043766486897831,0.241185963359799,1
34.919993162155151,12.219775529678405,-19.733822716359644,1.548320956501853,0.330913107182645,-0.177940838384102,0.018179477456369,-2.497881389203918,1.356261765349739,-0.134192429979645,9.501641019964779,-5.333135060389317,0.473658837241944,-0.041382041519779,0.235529646468064,1
34.930004119873047,12.222964713318774,-19.735537006852343,1.548496305793856,0.306385281448426,-0.164631507826434,0.016859993827066,-2.402097603150537,1.302603525535405,-0.129398201200527,9.631479785987281,-5.385399987149654,0.483990975154504,-0.039052869018821,0.229780147078466,1
34.940108776092529,12.225939727971445,-19.737135015312553,1.548660151552740,0.282606087851609,-0.151744575003332,0.015577314415463,-2.304180084858757,1.247953788784439,-0.124458672327350,9.745873574310778,-5.429622786917413,0.493501228228960,-0.036760665707137,0.223886540171201,1
34.949990987777710,12.228621561831204,-19.738574525751822,1.548808092397427,0.260313188100552,-0.139677752754359,0.014371624545141,-2.207386454368915,1.194119212856686,-0.119539720026387,9.840716933803364,-5.464153249157107,0.501854565236674,-0.034577012248367,0.218035205010710,1
34.960026264190674,12.231124331411074,-19.739916993723913,1.548946378104463,0.238658861986629,-0.127970319727143,0.013197437526197,-2.108226428326734,1.139148769975971,-0.114465242159816,9.918931857349406,-5.489956264806395,0.509322261491947,-0.032419204002793,0.212004729824628,1
34.970582008361816,12.233528151238529,-19.741205484161444,1.549079415723338,0.216957855094145,-0.116251456184690,0.012017624912170,-2.003175637142732,1.081098326866732,-0.109052338604745,9.980561444106840,-5.506533200229462,0.516010989315883,-0.030215139749421,0.205564643587211,1
34.979988813400269,12.235481836401107,-19.742251996397364,1.549187712660912,0.198556097937097,-0.106325271450843,0.011014672388022,-1.909103468636857,1.029266372844294,-0.104174357784575,10.016806196754416,-5.511749414095902,0.520908832879283,-0.028308707973918,0.199742347209462,1
34.990044355392456,12.237383476950599,-19.743269983152626,1.549293285735444,0.179867140827136,-0.096254758804410,0.009993622853660,-1.808275757219182,0.973861792498235,-0.098915215994802,10.035199611274564,-5.506914090337723,0.524978596615311,-0.026331981228274,0.193432324351007,1
35.000039339065552,12.239092554440148,-19.744184298868539,1.549388316376297,0.162295152535802,-0.086796096542431,0.009031263633696,-1.707975333187125,0.918891763109919,-0.093653166247782,10.031741434357386,-5.490983770571006,0.527771433977087,-0.024430389897607,0.187071125310540,1
35.009994745254517,12.240625243938773,-19.745003736949041,1.549473670216650,0.145788737530302,-0.077920064133974,0.008125113064994,-1.608217689002785,0.864354599666232,-0.088390644943600,10.005821049037891,-5.463616995629359,0.529250982903614,-0.022599969017334,0.180647026519265,1
35.019989490509033,12.242003795216398,-19.745740313244028,1.549550557053490,0.130212973127348,-0.069552768021200,0.007268054160143,-1.508432452005554,0.809930435128431,-0.083098788431538,9.956283902376143,-5.424109572589010,0.529367065812146,-0.020826922876683,0.174108477988744,1
35.032764434814453,12.243547569954380,-19.746564606859028,1.549636806068592,0.111753502502829,-0.059647180983887,0.006249667646526,-1.381835706077233,0.741057538709793,-0.076346291766865,9.857149681696370,-5.355287361323960,0.527417516076060,-0.018656824269955,0.165623023109194,1
35.040017604827881,12.244322001340736,-19.746977864341257,1.549680138107304,0.101994783607637,-0.054415467646634,0.005710064773294,-1.310643048274738,0.702408217220228,-0.072530464585220,9.782306306664807,-5.306721192083060,0.525217621267091,-0.017473861905989,0.160743407573854,1
35.049990177154541,12.245275995675017,-19.747486688580178,1.549733584848000,0.089403264964480,-0.047670345307884,0.005012495613476,-1.213649531255616,0.649842888303983,-0.067310834716216,9.656436156085476,-5.228178802195416,0.520838915998526,-0.015903918014100,0.153951266551262,1
35.059994459152222,12.246111282104694,-19.747931944970201,1.549780449530650,0.077742360873738,-0.041429277907751,0.004365069783498,-1.117789351524223,0.597991109622658,-0.062128948667801,9.502719053431463,-5.135345492851073,0.514816867630573,-0.014398183420248,0.147051959062314,1
35.070003032684326,12.246834983487586,-19.748317504399289,1.549821112497398,0.067027667653798,-0.035699584534697,0.003768897279475,-1.023566794445514,0.547117977647495,-0.057013463249897,9.320350604675639,-5.027839859734527,0.507090058078864,-0.012961281077939,0.140060683391120,1
35.080037832260132,12.247457536781235,-19.748648994144087,1.549856142490971,0.057223537810319,-0.030461221893405,0.003222231977543,-0.931093247348841,0.497275848352693,-0.051971899240821,9.107799261509882,-4.904847586162205,0.497566909935461,-0.011591532408351,0.132963062687619,1
35.090005159378052,12.247983179716311,-19.748928731936292,1.549885761515609,0.048390970303688,-0.025745815744094,0.002728714158269,-0.841485219849162,0.449057862442725,-0.047066867619628,8.866103982730039,-4.767025314999827,0.486274528939068,-0.010301662858041,0.125823223565408,1
35.100000381469727,12.248426279078990,-19.749164417663327,1.549910764383908,0.040418772232254,-0.021493100005372,0.002282358786393,-0.754210961420249,0.402169320817354,-0.042271040167389,8.592143111343745,-4.612641965591891,0.473048921391573,-0.009080207982045,0.118575587660533,1
35.110066652297974,12.248796397199106,-19.749361182638200,1.549931678258429,0.033256605309425,-0.017675444608447,0.001880546023823,-0.669243089921849,0.356588457253714,-0.037584366697590,8.283129104929657,-4.440204095484646,0.457730523716632,-0.007923654903686,0.111186338119128,1
35.119996309280396,12.249094956158435,-19.749519824525365,1.549948571848164,0.027014460011463,-0.014350684094744,0.001529654315490,-0.588650366028560,0.313416353849448,-0.033122892157473,7.944727261428397,-4.252905008877320,0.440585722170377,-0.006856213829538,0.103810004938736,1
35.130038738250732,12.249337905100857,-19.749648853693948,1.549962337512190,0.021497037743503,-0.011414072789174,0.001218897928833,-0.510725245538261,0.271730004812873,-0.028793981129065,7.567373943600614,-4.045489057459619,0.421113931980225,-0.005851472781225,0.096260041160623,1
35.140220880508423,12.249531629463849,-19.749751689399460,1.549973329035305,0.016681949459205,-0.008853110702718,0.000947172995280,-0.435777837102087,0.231689271028127,-0.024616201608995,7.147634957788313,-3.816158096926642,0.399108781076707,-0.004910695715336,0.088514244146785,1
35.150088787078857,12.249676158721861,-19.749828373964601,1.549981540313831,0.012722599093792,-0.006748739497262,0.000723315894499,-0.367402550648535,0.195205137957455,-0.020792213700474,6.704007998893218,-3.575021027404418,0.375532494483346,-0.004074626034866,0.080919553985250,1
35.160260200500488,12.249787708113322,-19.749887532415084,1.549987886247070,0.009324216594425,-0.004943731027979,0.000530818096580,-0.301708048397359,0.160193010823974,-0.017106443590954,6.207660022739958,-3.306436097501418,0.348837719568504,-0.003291805377943,0.073001616494350,1
35.170022010803223,12.249865296938292,-19.749928661644613,1.549992305956951,0.006666747469060,-0.003533167527157,0.000380014012534,-0.243591950114343,0.129254774423742,-0.013835827936251,5.692793994955423,-3.028922132475273,0.320854356468498,-0.002616622922041,0.065315697455733,1
35.180060863494873,12.249920884338886,-19.749958115061077,1.549995476438744,0.004498866190126,-0.002383194430931,0.000256773929175,-0.189270051052439,0.100367337775531,-0.010769689305457,5.122857450855292,-2.722783268922910,0.289587156783050,-0.002000983455667,0.057323676216118,1
35.190158367156982,12.249957512491049,-19.749977514217655,1.549997568247183,0.002838759034034,-0.001503120794834,0.000162231855915,-0.140620336702639,0.074523193831695,-0.008015687526694,4.507045850049138,-2.393033176644394,0.255513006055361,-0.001463181707185,0.049195554105818,1
35.200152635574341,12.249979586872399,-19.749989200307695,1.549998830499862,0.001647603566678,-0.000872032571298,0.000094277690323,-0.098795426869081,0.052326644949417,-0.005641328974272,3.854052791463772,-2.044343777529491,0.219101068099590,-0.001012017648771,0.041059158298306,1
35.210040092468262,12.249991642132592,-19.749995579654577,1.549999520696085,0.000848086834470,-0.000448683984431,0.000048588532907,-0.064060353217990,0.033909999181649,-0.003664092561399,3.164541075716016,-1.677061233336261,0.180383539720566,-0.000646186370858,0.032923666989323,1
35.220149517059326,12.249997455341198,-19.749998654609694,1.549999853924913,0.000349607424692,-0.000184884623907,0.000020054779340,-0.035826350098333,0.018953733475051,-0.002052661028658,2.413533607659986,-1.277915022949415,0.137940552676836,-0.000355780321873,0.024516472237601,1
35.230011224746704,12.249999516084896,-19.749999744228841,1.549999972194340,0.000101239793031,-0.000053517918695,0.000005814516625,-0.015828304731436,0.008369373181978,-0.000908359372490,1.634864745475966,-0.864901450290176,0.093672906025834,-0.000154822109969,0.016228349845322,1
35.240016937255859,12.249999975341522,-19.749999986970955,1.549999998581756,0.000010919131004,-0.000005769853258,0.000000627882084,-0.003620250457743,0.001913226584904,-0.000208099181698,0.796813850049489,-0.421199620258349,0.045768774513125,-0.000034873871105,0.007728796696898,1
35.249994754791260,12.249999999999998,-19.749999999999996,1.550000000000000,0.000000000000004,-0.000000000000002,0.000000000000000,0.000000000000000,-0.000000000000007,0.000000000000001,-0.000000000000028,0.000000000000028,0.000000000000000,0.000000000000000,-0.000000000000000,1
